results start here -------------------------------------------------------
74128854
42549109
30587210
13619677
8171566
3742813
1121283
0
0
0
0

138
63
20
28
14
25
0
0
0
0

108
52
17
24
14
12
0
0
0
0

80
41
11
18
12
4
0
0
0
0

1
2
3
4
5
6
0
0
0
0
PROCESSING SQUADS DONE
************************************************************************
***    "Team CloudBot"
************************************************************************
ADD these members to the sheet
-1
5294837
2433597
782103
1809632
1364791
357577
295200
379766
1148427
725030
341110
102505
1669262
-1
56406
385164
-1
1321726
25297
-1
268882
504158
83555
205778
28975
30202
27974
603
138019
19444
26736
53091
196474
2002
111687
10077
361
228829
0
52323
0
1645
0
47219
18675
26855
1403
4552
1866
0
161
0
0
16327
0
703
12890
36
0
-1
8685
9508
68
208
0
3180
40702
0
0
1700849
49243
43210
243
159778
3025381
0
869222
533982
75862
-1
0
11587
0
-1
-1
2776
12190
-1
10844
10180
0
0
1501423
28651
879
144050
3367
63089
18
568614
916109
32024
-1
0
0
11264
91963
8
0
0
-1
44927
29529
73786
26248
0
0
341517
5320
0
0
161384
6269
383624
0
-1
35055
1781879
11003
4203
7106
1189543
116873
108502
22264
0
3192
0
0
29653
0
7327073
56283
1580
70133
119835
47092
2096

Anonymous

0
************************************************************************
***    "All for Nash"
************************************************************************
ADD these members to the sheet
12946199
1185249
1122539
191428
2233685
-1
268345
-1
41211
2644
1390
0
152
0
137668
0
188576
-1
110903
39359
0
7409
726481
0
2769747
718812
954
30127
33317
21532
-1
238
13330
0
571
631888
311225
21547
0
-1
0
0
855705
34228
32984
12489
546
53670
127504
25537
112703
1096
11076
1772355
1489788
1310438
83305
2215
0
24893
14881
10467
10251
10271
746998
79568

AC
Anonymous

7688
0
************************************************************************
***    "The Trading Club"
************************************************************************
ADD these members to the sheet
9375170
259319
951110
56346
1486167
19646
0
4045
0
0
1247807
146083
10034
3566
7562
17897
791
31678
1485
962


************************************************************************
***    "Team Fabibi"
************************************************************************
ADD these members to the sheet
-1
301770
108200
135213
20079
132340
141650
76068
74724
18243
19246
-1
4254
33885
0
581485
164
1854
3594
12723
68038
0
12
2329
-1
6310709
0
0
50634
53608
20733


************************************************************************
***    "The Nashians "
************************************************************************
ADD these members to the sheet
51132
16371
-1
173549
237611
-1
66629
1755
19340
10498
-1
68
2551464
11742
66053
520056
16538


************************************************************************
***    "Gunbot Team"
************************************************************************
ADD these members to the sheet
712486
9319
3149
1297
9033
283824
0
0
8642
3856
16558
0
68914
0
2029
0
0
2171
0
0
0

Anonymous
Anonymous
Anonymous
Anonymous

0
0
0
0
************************************************************************
***    "Solo"
************************************************************************
ADD these members to the sheet
FG
12946199
9375170
-1
-1
1772355
5294837
2433597
869222
51132
782103
1809632
119743
188576
1185249
1122539
2551464
1364791
357577
387231
301770
1781879
16371
191428
295200
-1
379766
108200
1148427
718812
725030
341110
631888
1489788
102505
28477
3025381
712486
2318852
2233685
-1
385164
533982
159778
75862
1669262
2769747
19444
173549
141650
568614
132340
146083
-1
20079
63089
35055
916109
74724
66629
383624
951110
581485
-1
-1
259319
-1
137668
268345
237611
15256
12190
-1
30127
-1
168202
15560
-1
49243
19646
40702
76068
138019
111687
-1
1321726
33317
855705
283824
268882
189491
1501423
98315
139962
311225
110903
139602
-1
56346
44681
1486167
1247807
1052707
28651
726481
68914
135213
-1
10844
32024
504158
198549
127504
50634
40264
1310438
41211
205778
66400
116873
70352
196474
68038
31678
-1
144050
11326
25297
58123
1189543
53608
56406
39359
53853
27974
83555
6310709
34228
13330
-1
1700849
44927
73786
104303
-1
53091
47219
13042
265657
161384
228829
26736
28975
18243
520056
82843
66053
-1
32984
-1
39070
54862
341517
13840
21686
12890
19428
29529
27006
12778
20807
112703
27880
18783
16558
19246
121790
-1
27545
29861
12003
21532
52323
108502
14914
24893
-1
22264
224664
170327
19979
22231
30202
40936
16718
29858
12489
107004
16327
16512
29653
25537
16806
102271
27471
26427
126636
11003
13469
15840
11076
123251
39256
19753
26855
118455
12723
12159
14881
18675
10467
91963
31067
12576
141278
10180
70752
33754
11743
14206
24488
26754
11695
186469
40883
72176
144636
25610
16881
23788
277699
11587
17897
14026
21547
22402
25469
93472
12632
14251
11264
32593
10077
11742
13546
26248
11750
21749
-1
11407
10034
12932
10498
26483
12188
104837
15667
17809
13964
16466
10271
10251
746998
79568
506929
16538
20733
17246
7327073
53670
-1
-1
56283
70133
119835
12167
19697
11427
23879

MS
PA
MA
AC
MS
DV
GB
Anonymous
VM
TK
MA
AC

278493
107607
83305
47092
43210
33885
31001
26377
19458
19340
14709
11327
results end here -------------------------------------------------------
