results start here -------------------------------------------------------
30823342
19107417
13061435
6093745
5045425
1265304
921095
0
0
0
0

138
63
20
28
14
25
0
0
0
0

102
52
15
21
14
11
0
0
0
0

64
31
9
17
10
4
0
0
0
0

1
2
3
4
5
6
0
0
0
0
PROCESSING SQUADS DONE
************************************************************************
***    "Team CloudBot"
************************************************************************
ADD these members to the sheet
3020682
2074756
1442193
313336
509430
443550
310773
241698
153219
1105669
314231
191379
94822
518234
-1
56084
324101
-1
134318
17976
36192
85000
104378
32709
70938
15153
9022
27304
450
49786
17106
11986
17895
62031
232
51710
4130
361
40620
0
7487
0
132
0
15857
5596
3999
0
4552
1866
0
0
0
0
6821
0
703
12890
0
0
0
8685
3348
68
98
0
0
23568
0
0
262993
38342
15368
243
91827
1652859
0
869222
355024
75862
39413
0
7523
0
2096
-1
1295
12190
29548
10826
4991
0
0
1441860
28651
879
19737
3367
53299
18
153467
510845
32024
908
0
0
7496
6343
8
0
0
-1
44695
13414
37548
693
0
0
79470
1335
0
0
130800
6091
128073
0
7803
35055
536934
8713
0
5962
284771
42292
8032
7930
0
0
0
0

SB
Anonymous

106
0
************************************************************************
***    "All for Nash"
************************************************************************
ADD these members to the sheet
5216822
533804
407512
148276
1397641
49068
129551
38241
41211
1129
414
0
12
0
103667
0
188576
123710
69939
20035
0
5878
165368
0
1292008
195000
255
29968
26579
9998
-1
93
11212
0
510
259821
117032
599
0
382
0
0
214450
13297
28594
8556
73
-1
52114
7256
65775
1096
2507
1336429
568384
86016
63359
2215
0
8332
7220
4692
3973
2760

Anonymous

0
************************************************************************
***    "The Trading Club"
************************************************************************
ADD these members to the sheet
4253937
83632
474109
45891
249510
15413
0
1705
0
0
817427
116975
345
0
7562
7074
221
19215
721
0


************************************************************************
***    "Team Fabibi"
************************************************************************
ADD these members to the sheet
-1
254496
64827
44366
19539
90155
114609
41417
47639
14431
11423
20008
1728
28002
0
255204
0
0
2117
192
50739
0
0
26
-1
3899242
0
0
39161
46093


************************************************************************
***    "The Nashians "
************************************************************************
ADD these members to the sheet
40641
14015
-1
168777
96713
15045
63419
253
16606
3831
-1
68
588363
4122
39366
214079


************************************************************************
***    "Gunbot Team"
************************************************************************
ADD these members to the sheet
708205
8150
3100
1297
1123
128706
0
0
4418
0
13617
0
48274
0
2029
0
0
2171
0
0
0

Anonymous
Anonymous
Anonymous
Anonymous

0
0
0
0
************************************************************************
***    "Solo"
************************************************************************
ADD these members to the sheet
5216822
4253937
3020682
-1
1336429
2074756
1442193
869222
40641
313336
509430
30048
188576
533804
407512
588363
443550
310773
119103
254496
536934
14015
148276
241698
-1
153219
64827
1105669
195000
314231
191379
259821
568384
94822
28193
1652859
708205
52865
1397641
123710
324101
355024
91827
75862
518234
1292008
17106
168777
114609
153467
90155
116975
29548
19539
53299
35055
510845
47639
63419
128073
474109
255204
-1
12167
83632
49068
103667
129551
96713
15256
12190
15045
29968
-1
168202
14037
150657
38342
15413
23568
41417
49786
51710
-1
134318
26579
214450
128706
85000
28995
1441860
51709
63359
117032
69939
21084
38241
45891
35622
249510
817427
972391
28651
165368
48274
44366
36192
10826
32024
104378
75072
52114
39161
40264
86016
41211
70938
38500
42292
28745
62031
50739
19215
19697
19737
10465
17976
22232
284771
46093
56084
20035
32389
27304
32709
3899242
13297
11212
-1
262993
44695
37548
29088
10959
17895
15857
12519
30406
130800
40620
11986
15153
14431
214079
12909
39366
20008
28594
439319
19458
16995
79470
13840
21686
12890
14590
13414
20689
12778
14919
65775
15895
14471
13617
11423
13996
39413
13359
11261

DV
TK
MS

28002
16606
15368
results end here -------------------------------------------------------
