results start here -------------------------------------------------------
20724152
12439870
6911387
3616539
3097780
849307
832997
0
0
0
0

119
45
17
25
14
23
0
0
0
0

87
35
13
18
13
10
0
0
0
0

51
24
8
12
9
3
0
0
0
0

1
2
3
4
5
6
0
0
0
0
PROCESSING SQUADS DONE
************************************************************************
***    "Team CloudBot"
************************************************************************
ADD these members to the sheet
2107384
1531302
938211
200444
280448
301120
277859
152034
120350
843967
213151
124219
80605
319725
-1
29339
235230
-1
61673
14225
22299
41176
54265
13668
45786
9988
5717
11672
450
38189
14995
9853
11602
36526
232
25718
3075
361
10915
0
839
0
132
0
11138
2449
3093
0
0
1824
0
0
0
0
675
0
703
6374
0
0
0
795
3348
68
0
0
0
23568
0
0
99706
19475
5865
243
61028
1233124
0
865980
279428
75862
3211
0
5711
0
2096
-1
1295
12190
29548
10826
2113
0
0
925000
28651
879
15058
3367
40091
18
93568
258901
31180
713
0
0
7496
4093
8
0
0
-1
44695
5734
28198
488
0
0
1072
139
0
0

Anonymous

0
************************************************************************
***    "All for Nash"
************************************************************************
ADD these members to the sheet
3244129
267662
290801
115634
916984
28716
96390
26259
27174
1129
414
0
12
0
50452
0
146360
87792
53767
17181
0
1580
122765
0
904197
119288
255
29968
20757
9305
-1
93
11212
0
295
170550
54693
297
0
382
0
0
76573
13297
5005

Anonymous

0
************************************************************************
***    "The Trading Club"
************************************************************************
ADD these members to the sheet
2920419
59660
349453
26327
85935
15413
0
865
0
0
72137
74014
345
0
7562
4336
68


************************************************************************
***    "Team Fabibi"
************************************************************************
ADD these members to the sheet
-1
205952
43746
22933
18452
69203
96650
30082
38978
9872
7355
9823
1234
27246
0
118126
0
0
169
192
21107
0
0
0
-1
2376652
0


************************************************************************
***    "The Nashians "
************************************************************************
ADD these members to the sheet
40641
14015
115962
113398
57318
15045
60391
0
16606
2801
-1
68
409862
2398
797


************************************************************************
***    "Gunbot Team"
************************************************************************
ADD these members to the sheet
700982
3225
1728
94
207
84368
0
0
3508
0
5864
0
31787
0
1230
0
0
0
0

Anonymous
Anonymous
Anonymous
Anonymous

0
0
0
0
************************************************************************
***    "Solo"
************************************************************************
ADD these members to the sheet
3244129
2920419
2107384
-1
1137292
1531302
938211
865980
40641
200444
280448
30048
146360
267662
290801
409862
301120
277859
104126
205952
277974
14015
115634
152034
115962
120350
43746
843967
119288
213151
124219
170550
383065
80605
28193
1233124
700982
52865
916984
87792
235230
279428
61028
75862
319725
904197
14995
113398
96650
93568
69203
74014
29548
18452
40091
34092
258901
38978
60391
89950
349453
118126
-1
12167
59660
28716
50452
96390
57318
15256
12190
15045
29968
-1
160541
14037
75737
19475
15413
23568
30082
38189
25718
-1
61673
20757
76573
84368
41176
12216
925000
23080
31600
54693
53767
17010
26259
26327
23375
85935
72137
792863
28651
122765
31787
22933
22299
10826
31180
54265
26953
29234
29961
40264
54275
27174
45786
26225
22572
28745
36526
21107
14775
19697
15058
10465
14225
22232
95454
27448
29339
17181
13240
11672
13668
2376652
13297
11212
-1
99706
44695
28198
12928
10348
11602
11138
11986
24819
11786
10915

DV
TK

27246
16606
results end here -------------------------------------------------------
