results start here -------------------------------------------------------
43502874
27177278
17516176
8906985
6505002
2186797
1004253
0
0
0
0

138
63
20
28
14
25
0
0
0
0

105
52
16
22
14
11
0
0
0
0

74
37
9
18
10
4
0
0
0
0

1
2
3
4
5
6
0
0
0
0
PROCESSING SQUADS DONE
************************************************************************
***    "Team CloudBot"
************************************************************************
ADD these members to the sheet
3985953
2971419
2139524
452752
992938
653992
351955
295200
189780
1114999
436652
274450
102505
753482
-1
56406
385164
-1
761563
20158
56089
154332
204161
54097
76148
21983
15287
27793
603
75627
18163
18877
25314
67084
487
79442
6786
361
92792
0
22205
0
1258
0
30738
10003
10960
0
4552
1866
0
0
0
0
14631
0
703
12890
36
0
0
8685
3367
68
200
0
0
23568
0
0
553846
49243
30513
243
159381
2387434
0
869222
405111
75862
58355
0
9565
0
2096
-1
1295
12190
-1
10844
8185
0
0
1501423
28651
879
44214
3367
60996
18
290871
833937
32024
960
0
0
9474
6343
8
0
0
-1
44927
20312
47454
693
0
0
221636
2938
0
0
160704
47092
209969
0
29013
35055
1035049
10520
1321
7106
606682
69569
47489
13992
0
3192
0
0
29653

SB
Anonymous

6269
0
************************************************************************
***    "All for Nash"
************************************************************************
ADD these members to the sheet
6411342
755091
654098
191428
1843587
65129
197343
45990
41211
2644
1390
0
12
0
126524
0
188576
369035
82429
31269
0
5878
180133
0
2039382
347704
436
29968
32836
10303
-1
238
13330
0
571
373352
203800
599
0
382
0
0
436316
19079
32984
12489
89
-1
92815
13653
112703
1096
11076
1353911
807404
247039
80544
2215
0
14069
10388
9667
6677
5926

Anonymous

0
************************************************************************
***    "The Trading Club"
************************************************************************
ADD these members to the sheet
5881225
130563
679797
52408
700469
17462
0
3834
0
0
1243768
145844
3094
110
7562
7232
673
31678
1256
0


************************************************************************
***    "Team Fabibi"
************************************************************************
ADD these members to the sheet
-1
301672
87961
132175
19643
117513
133255
56271
59827
18036
16556
20490
3099
30673
0
411301
0
137
3350
12585
68038
0
0
26
-1
4920336
0
0
41619
50428


************************************************************************
***    "The Nashians "
************************************************************************
ADD these members to the sheet
41125
14555
-1
173496
133034
16476
63419
493
18535
6115
-1
68
1262102
7778
53928
395665


************************************************************************
***    "Gunbot Team"
************************************************************************
ADD these members to the sheet
710646
9319
3149
1297
2969
195170
0
0
4999
0
14536
0
57963
0
2029
0
0
2171
0
0
0

Anonymous
Anonymous
Anonymous
Anonymous

0
0
0
0
************************************************************************
***    "Solo"
************************************************************************
ADD these members to the sheet
Risitas
LJR
capyun69
NP
6411342
5881225
3985953
-1
1353911
2971419
2139524
869222
41125
452752
992938
47092
188576
755091
654098
1262102
653992
351955
226346
301672
1035049
14555
191428
295200
-1
189780
87961
1114999
347704
436652
274450
373352
807404
102505
28217
2387434
710646
328643
1843587
369035
385164
405111
159381
75862
753482
2039382
18163
173496
133255
290871
117513
145844
-1
19643
60996
35055
833937
59827
63419
209969
679797
411301
-1
12167
130563
65129
126524
197343
133034
15256
12190
16476
29968
-1
168202
14037
225178
49243
17462
23568
56271
75627
79442
-1
761563
32836
436316
195170
154332
116296
1501423
98315
80544
203800
82429
48864
45990
52408
40042
700469
1243768
972391
28651
180133
57963
132175
56089
10844
32024
204161
154262
92815
41619
40264
247039
41211
76148
47934
69569
28745
67084
68038
31678
19697
44214
10465
20158
22232
606682
50428
56406
31269
53853
27793
54097
4920336
19079
13330
-1
553846
44927
47454
78393
17221
25314
30738
12519
66403
160704
92792
18877
21983
18036
395665
46044
53928
20490
32984
-1
19458
29242
221636
13840
21686
12890
19428
20312
27006
12778
17099
112703
27880
18230
14536
16556
37634
58355
19635
19254
12003
10303
22205
47489
11284
14069
29013
13992
224664
31642
12160
11037
15287
16590
11801
13649
12489
33253
14631
10200
29653
13653
12056
67442
27197
21943
18346
10520
10653
11666
11076
28282
15317
11341
10960
29137
12585
12159
10388
10003

MA
SB
MS
DV
MS
TK
Anonymous
FGH
MA

68403
44695
42553
30673
30513
18535
15442
11938
11699
results end here -------------------------------------------------------
