results start here -------------------------------------------------------
53566389
32303660
22043438
10904276
7448953
2652814
1044860
0
0
0
0

138
63
20
28
14
25
0
0
0
0

106
52
16
23
14
12
0
0
0
0

76
38
9
18
10
4
0
0
0
0

1
2
3
4
5
6
0
0
0
0
PROCESSING SQUADS DONE
************************************************************************
***    "Team CloudBot"
************************************************************************
ADD these members to the sheet
4947232
3529749
2402875
551304
1462977
891721
356598
295200
215195
1114999
516596
301886
102505
955108
-1
56406
385164
-1
1092554
22148
73388
189475
274899
65497
103161
25602
17972
27793
603
95615
19444
21567
29505
85602
749
87641
8854
361
140680
0
23877
0
1645
0
37089
14294
23995
1007
4552
1866
0
0
0
0
15805
0
703
12890
36
0
0
8685
3890
68
200
0
0
27516
0
0
846098
49243
36242
243
159778
2818282
0
869222
423865
75862
62026
0
9900
0
2096
-1
1295
12190
-1
10844
10180
0
0
1501423
28651
879
65098
3367
60996
18
360872
867200
32024
960
0
0
9474
42391
8
0
0
-1
44927
28733
58815
4080
0
0
262380
3457
0
0
161384
47092
240548
0
38841
35055
1416264
10520
3723
7106
726178
86909
63427
17583
0
3192
0
0
29653

SB
Anonymous

6269
0
************************************************************************
***    "All for Nash"
************************************************************************
ADD these members to the sheet
8615106
964105
814810
191428
1948710
65840
225850
52232
41211
2644
1390
0
12
0
130526
0
188576
482242
96488
34104
0
5878
192897
0
2404346
496040
436
30127
32836
13732
-1
238
13330
0
571
438813
259450
6556
0
382
0
0
617631
19206
32984
12489
89
-1
113909
16556
112703
1096
11076
1355173
1042575
815897
81203
2215
0
18377
12799
10467
7969
8096

Anonymous

0
************************************************************************
***    "The Trading Club"
************************************************************************
ADD these members to the sheet
7412432
157906
792947
56346
1014310
19385
0
3834
0
0
1244530
145844
5694
787
7562
8948
697
31678
1366
0


************************************************************************
***    "Team Fabibi"
************************************************************************
ADD these members to the sheet
-1
301770
92931
132175
19732
122011
137884
59890
65705
18064
18613
20490
3869
33680
0
463316
164
137
3350
12585
68038
0
0
26
-1
5779904
0
0
41619
52988


************************************************************************
***    "The Nashians "
************************************************************************
ADD these members to the sheet
41125
14721
-1
173496
182063
16507
63424
722
19145
7432
-1
68
1624574
9776
53928
445827


************************************************************************
***    "Gunbot Team"
************************************************************************
ADD these members to the sheet
711902
9319
3149
1297
6080
225292
0
0
6413
1832
15334
0
60036
0
2029
0
0
2171
0
0
0

Anonymous
Anonymous
Anonymous
Anonymous

0
0
0
0
************************************************************************
***    "Solo"
************************************************************************
ADD these members to the sheet
8615106
7412432
4947232
-1
1355173
3529749
2402875
869222
41125
551304
1462977
74151
188576
964105
814810
1624574
891721
356598
235020
301770
1416264
14721
191428
295200
-1
215195
92931
1114999
496040
516596
301886
438813
1042575
102505
28272
2818282
711902
1050527
1948710
482242
385164
423865
159778
75862
955108
2404346
19444
173496
137884
360872
122011
145844
-1
19732
60996
35055
867200
65705
63424
240548
792947
463316
-1
12167
157906
65840
130526
225850
182063
15256
12190
16507
30127
-1
168202
14037
297632
49243
19385
27516
59890
95615
87641
-1
1092554
32836
617631
225292
189475
168905
1501423
98315
139962
259450
96488
83513
52232
56346
42356
1014310
1244530
972391
28651
192897
60036
132175
73388
10844
32024
274899
154262
113909
41619
40264
815897
41211
103161
50306
86909
28745
85602
68038
31678
19697
65098
11326
22148
30304
726178
52988
56406
34104
53853
27793
65497
5779904
19206
13330
-1
846098
44927
58815
88189
17221
29505
37089
12519
252212
161384
140680
21567
25602
18064
445827
67435
53928
20490
32984
-1
28498
46681
262380
13840
21686
12890
19428
28733
27006
12778
18904
112703
27880
18230
15334
18613
81467
62026
22781
19254
12003
13732
23877
63427
13983
18377
38841
17583
224664
158446
12218
11037
17972
16590
12770
17443
12489
47184
15805
10200
29653
16556
12246
102271
27197
21943
25820
10520
10653
13227
11076
123251
15317
16244
23995
118445
12585
12159
12799
14294
10467
42391
30969
10167
78567
10180
31001
13498
10199
11472
24488
22237
10096
62886
19711
37314
40818
14114

MS
MA
SB
MS
DV
Anonymous
PA
VM
TK
MA
FGH

114268
81203
47092
36242
33680
26315
22648
19458
19145
12302
11938
results end here -------------------------------------------------------
