results start here -------------------------------------------------------
37088532
23339394
15137427
7618385
5936358
1668105
960821
0
0
0
0

138
63
20
28
14
25
0
0
0
0

103
52
16
22
14
11
0
0
0
0

70
33
9
17
10
4
0
0
0
0

1
2
3
4
5
6
0
0
0
0
PROCESSING SQUADS DONE
************************************************************************
***    "Team CloudBot"
************************************************************************
ADD these members to the sheet
3464071
2498621
1964879
372774
709129
514573
340773
294398
175699
1114999
378766
238880
102505
625025
-1
56084
385164
-1
503087
18907
45402
114828
158684
46528
73421
18929
12614
27793
603
62732
17106
17455
22677
66865
313
71454
4794
361
67476
0
19224
0
245
0
25075
6052
5654
0
4552
1866
0
0
0
0
9799
0
703
12890
0
0
0
8685
3367
68
200
0
0
23568
0
0
404675
49243
24925
243
127486
1930830
0
869222
393087
75862
54005
0
8416
0
2096
-1
1295
12190
29548
10826
6202
0
0
1501423
28651
879
25633
3367
60996
18
230109
689246
32024
960
0
0
7935
6343
8
0
0
-1
44927
17121
40911
693
0
0
160667
2779
0
0
159601
47092
180012
0
23236
35055
762170
9882
0
6440
445537
51547
34525
11384
0
1618
0
0

SB
Anonymous

6091
0
************************************************************************
***    "All for Nash"
************************************************************************
ADD these members to the sheet
5692158
677564
545732
181721
1658419
57493
159630
42483
41211
1129
1390
0
12
0
118441
0
188576
137562
69939
24504
0
5878
174257
0
1677939
252466
255
29968
32836
10108
-1
175
12884
0
571
320161
150115
599
0
382
0
0
378667
19079
32984
9795
73
-1
69940
9030
112703
1096
8227
1348906
681080
93134
66893
2215
0
11467
8835
7547
5229
3947

Anonymous

0
************************************************************************
***    "The Trading Club"
************************************************************************
ADD these members to the sheet
5135335
112370
595059
48907
474661
16462
0
3664
0
0
1070546
116975
741
110
7562
7232
541
27491
721
0


************************************************************************
***    "Team Fabibi"
************************************************************************
ADD these members to the sheet
-1
298477
72826
132175
19643
103497
124479
56271
58464
17312
13809
20008
1928
28250
0
304491
0
137
3350
192
59955
0
0
26
-1
4529346
0
0
41284
50428


************************************************************************
***    "The Nashians "
************************************************************************
ADD these members to the sheet
41125
14015
-1
170950
120270
16476
63419
253
18535
5134
-1
68
865321
5638
42596
304298


************************************************************************
***    "Gunbot Team"
************************************************************************
ADD these members to the sheet
708865
8150
3143
1297
2153
158667
0
0
4999
0
14536
0
54806
0
2029
0
0
2171
0
0
0

Anonymous
Anonymous
Anonymous
Anonymous

0
0
0
0
************************************************************************
***    "Solo"
************************************************************************
ADD these members to the sheet
JNW
5692158
5135335
3464071
-1
1348906
2498621
1964879
869222
41125
372774
709129
47092
188576
677564
545732
865321
514573
340773
136419
298477
762170
14015
181721
294398
-1
175699
72826
1114999
252466
378766
238880
320161
681080
102505
28193
1930830
708865
52865
1658419
137562
385164
393087
127486
75862
625025
1677939
17106
170950
124479
230109
103497
116975
29548
19643
60996
35055
689246
58464
63419
180012
595059
304491
-1
12167
112370
57493
118441
159630
120270
15256
12190
16476
29968
-1
168202
14037
178833
49243
16462
23568
56271
62732
71454
-1
503087
32836
378667
158667
114828
83988
1501423
84018
66893
150115
69939
32692
42483
48907
40042
474661
1070546
972391
28651
174257
54806
132175
45402
10826
32024
158684
105019
69940
41284
40264
93134
41211
73421
45572
51547
28745
66865
59955
27491
19697
25633
10465
18907
22232
445537
50428
56084
24504
53701
27793
46528
4529346
19079
12884
-1
404675
44927
40911
32424
10959
22677
25075
12519
30406
159601
67476
17455
18929
17312
304298
26207
42596
20008
32984
439319
19458
19926
160667
13840
21686
12890
18111
17121
27006
12778
15036
112703
15895
17291
14536
13809
23448
54005
16447
19254
12003
10108
19224
34525
11284
11467
23236
11384
160063
31642
12102
11037
12614
10555
10069
11512

SB
DV
MS
TK
FGH
MA

44695
28250
24925
18535
11938
10281
results end here -------------------------------------------------------
