results start here -------------------------------------------------------
26124173
15046322
8832156
4853722
4062528
1091542
889276
0
0
0
0

124
51
18
27
14
24
0
0
0
0

92
41
14
20
13
11
0
0
0
0

58
26
9
15
10
3
0
0
0
0

1
2
3
4
5
6
0
0
0
0
PROCESSING SQUADS DONE
************************************************************************
***    "Team CloudBot"
************************************************************************
ADD these members to the sheet
2561778
1651917
1172674
264816
361920
349155
288240
219792
125011
1089257
266705
153220
94822
356148
-1
46477
272923
-1
116110
15737
28660
55677
86163
21322
58186
12568
7215
26051
450
42979
17106
11558
14583
55170
232
41740
3249
361
21627
0
1751
0
132
0
12785
4083
3487
0
4552
1866
0
0
0
0
4477
0
703
12890
0
0
0
3819
3348
68
0
0
0
23568
0
0
160873
27903
8933
243
67766
1365922
0
865980
314919
75862
3583
0
6668
0
2096
-1
1295
12190
29548
10826
3122
0
0
1209365
28651
879
17361
3367
45219
18
120972
345242
32024
882
0
0
7496
6343
8
0
0
-1
44695
10758
34474
693
0
0
30660
736
0
0
49947
106
107901
0
1622

Anonymous

0
************************************************************************
***    "All for Nash"
************************************************************************
ADD these members to the sheet
3987675
467421
343646
139809
1157045
46244
129551
32795
33222
1129
414
0
12
0
71444
0
169073
104377
67888
18281
0
5878
150115
0
1158414
153203
255
29968
20816
9638
-1
93
11212
0
510
206608
70749
599
0
382
0
0
153550
13297
15797
8556
73
-1
40961
6959
3381
1096

Anonymous

0
************************************************************************
***    "The Trading Club"
************************************************************************
ADD these members to the sheet
3609335
68102
378351
35504
119546
15413
0
865
0
0
482135
115550
345
0
7562
5945
145
14918


************************************************************************
***    "Team Fabibi"
************************************************************************
ADD these members to the sheet
-1
236494
51078
22933
18652
88447
109014
33778
43242
11372
9416
14758
1333
28002
0
209211
0
0
1510
192
29691
0
0
21
-1
3115163
0
0
38212


************************************************************************
***    "The Nashians "
************************************************************************
ADD these members to the sheet
40641
14015
-1
156237
70113
15045
62414
0
16606
3088
-1
68
514315
3092
29495
166409


************************************************************************
***    "Gunbot Team"
************************************************************************
ADD these members to the sheet
707408
8150
3100
276
305
108992
0
0
4418
0
8893
0
43529
0
2029
0
0
2171
0
0

Anonymous
Anonymous
Anonymous
Anonymous

0
0
0
0
************************************************************************
***    "Solo"
************************************************************************
ADD these members to the sheet
3987675
3609335
2561778
-1
1190588
1651917
1172674
865980
40641
264816
361920
30048
169073
467421
343646
514315
349155
288240
104126
236494
361259
14015
139809
219792
-1
125011
51078
1089257
153203
266705
153220
206608
446329
94822
28193
1365922
707408
52865
1157045
104377
272923
314919
67766
75862
356148
1158414
17106
156237
109014
120972
88447
115550
29548
18652
45219
35055
345242
43242
62414
107901
378351
209211
-1
12167
68102
46244
71444
129551
70113
15256
12190
15045
29968
-1
168202
14037
109271
27903
15413
23568
33778
42979
41740
-1
116110
20816
153550
108992
55677
17067
1209365
35130
54116
70749
67888
18684
32795
35504
33547
119546
482135
972391
28651
150115
43529
22933
28660
10826
32024
86163
58533
40961
38212
40264
79760
33222
58186
30793
31631
28745
55170
29691
14918
19697
17361
10465
15737
22232
166202
36419
46477
18281
15093
26051
21322
3115163
13297
11212
-1
160873
44695
34474
16139
10959
14583
12785
12519
30406
49947
21627
11558
12568
11372
166409
12909
29495
14758
15797
439319
19458
16995
30660
13840
21686
12890
12138
10758

DV
TK

28002
16606
results end here -------------------------------------------------------
