results start here -------------------------------------------------------
50574822
31062226
20711562
10397824
7323556
2498608
1032192
0
0
0
0

138
63
20
28
14
25
0
0
0
0

106
52
16
23
14
12
0
0
0
0

76
38
9
18
10
4
0
0
0
0

1
2
3
4
5
6
0
0
0
0
PROCESSING SQUADS DONE
************************************************************************
***    "Team CloudBot"
************************************************************************
ADD these members to the sheet
4746752
3412735
2344641
510098
1392960
832649
356598
295200
203292
1114999
489705
292487
102505
874851
-1
56406
385164
-1
980263
22148
64572
180267
250303
61749
78234
24232
17972
27793
603
87177
18163
21348
28198
67514
575
83905
8749
361
125932
0
23697
0
1258
0
33130
13250
23597
234
4552
1866
0
0
0
0
15444
0
703
12890
36
0
0
8685
3682
68
200
0
0
23568
0
0
744832
49243
35025
243
159778
2818282
0
869222
409082
75862
58412
0
9900
0
2096
-1
1295
12190
-1
10844
10180
0
0
1501423
28651
879
56856
3367
60996
18
330249
859688
32024
960
0
0
9474
27783
8
0
0
-1
44927
23482
53933
947
0
0
248969
3057
0
0
161262
47092
231549
0
32602
35055
1369657
10520
3723
7106
690417
77904
57899
16138
0
3192
0
0
29653

SB
Anonymous

6269
0
************************************************************************
***    "All for Nash"
************************************************************************
ADD these members to the sheet
8191142
861664
738294
191428
1911052
65431
218898
52105
41211
2644
1390
0
12
0
128664
0
188576
409584
83080
33310
0
5878
183785
0
2238976
449686
436
30127
32836
11506
-1
238
13330
0
571
416282
246631
3334
0
382
0
0
612085
19079
32984
12489
89
-1
109214
15023
112703
1096
11076
1355173
976194
563991
81203
2215
0
17130
12006
10467
7615
7219

Anonymous

0
************************************************************************
***    "The Trading Club"
************************************************************************
ADD these members to the sheet
7039210
150476
766532
54033
920981
18361
0
3834
0
0
1244530
145844
4917
697
7562
7232
673
31678
1256
0


************************************************************************
***    "Team Fabibi"
************************************************************************
ADD these members to the sheet
-1
301672
92931
132175
19667
121312
136761
59890
60906
18064
18271
20490
3401
33079
0
463316
164
137
3350
12585
68038
0
0
26
-1
5665162
0
0
41619
50530


************************************************************************
***    "The Nashians "
************************************************************************
ADD these members to the sheet
41125
14721
-1
173496
165845
16507
63424
722
18535
6988
-1
68
1501852
8925
53928
432463


************************************************************************
***    "Gunbot Team"
************************************************************************
ADD these members to the sheet
711132
9319
3149
1297
3796
218093
0
0
6112
1832
14536
0
58721
0
2029
0
0
2171
0
0
0

Anonymous
Anonymous
Anonymous
Anonymous

0
0
0
0
************************************************************************
***    "Solo"
************************************************************************
ADD these members to the sheet
8191142
7039210
4746752
-1
1355173
3412735
2344641
869222
41125
510098
1392960
59519
188576
861664
738294
1501852
832649
356598
226346
301672
1369657
14721
191428
295200
-1
203292
92931
1114999
449686
489705
292487
416282
976194
102505
28272
2818282
711132
583071
1911052
409584
385164
409082
159778
75862
874851
2238976
18163
173496
136761
330249
121312
145844
-1
19667
60996
35055
859688
60906
63424
231549
766532
463316
-1
12167
150476
65431
128664
218898
165845
15256
12190
16507
30127
-1
168202
14037
271623
49243
18361
23568
59890
87177
83905
-1
980263
32836
612085
218093
180267
168905
1501423
98315
81203
246631
83080
48864
52105
54033
40042
920981
1244530
972391
28651
183785
58721
132175
64572
10844
32024
250303
154262
109214
41619
40264
563991
41211
78234
50306
77904
28745
67514
68038
31678
19697
56856
10465
22148
30304
690417
50530
56406
33310
53853
27793
61749
5665162
19079
13330
-1
744832
44927
53933
88189
17221
28198
33130
12519
114277
161262
125932
21348
24232
18064
432463
53053
53928
20490
32984
-1
25984
44343
248969
13840
21686
12890
19428
23482
27006
12778
17968
112703
27880
18230
14536
18271
72365
58412
22781
19254
12003
11506
23697
57899
12225
17130
32602
16138
224664
73665
12175
11037
17972
16590
12770
17443
12489
44395
15444
10200
29653
15023
12056
102271
27197
21943
18356
10520
10653
11719
11076
112956
15317
16244
23597
29137
12585
12159
12006
13250
10467
27783
30969
10167
54337
10180
31001
11433
10199
11472

MA
MS
SB
MS
DV
Anonymous
VM
TK
FGH
MA

68403
50487
47092
35025
33079
26263
19458
18535
11938
11699
results end here -------------------------------------------------------
