results start here -------------------------------------------------------
47098911
29340566
18893950
9530603
6808179
2330874
1016140
0
0
0
0

138
63
20
28
14
25
0
0
0
0

105
52
16
22
14
11
0
0
0
0

75
38
9
18
10
4
0
0
0
0

1
2
3
4
5
6
0
0
0
0
PROCESSING SQUADS DONE
************************************************************************
***    "Team CloudBot"
************************************************************************
ADD these members to the sheet
4356528
3196557
2287504
481685
1190206
741672
356134
295200
197381
1114999
462708
283186
102505
793094
-1
56406
385164
-1
889717
22148
61123
167434
227115
57177
77085
22622
17521
27793
603
81100
18163
19690
26829
67084
530
83310
8553
361
111192
0
22982
0
1258
0
31709
11100
22937
0
4552
1866
0
0
0
0
14631
0
703
12890
36
0
0
8685
3682
68
200
0
0
23568
0
0
641615
49243
32226
243
159778
2796991
0
869222
405194
75862
58384
0
9565
0
2096
-1
1295
12190
-1
10844
8662
0
0
1501423
28651
879
49104
3367
60996
18
308820
847811
32024
960
0
0
9474
18616
8
0
0
-1
44927
22702
49782
897
0
0
235109
3017
0
0
161017
47092
220921
0
30607
35055
1202986
10520
1926
7106
645563
73277
49876
14511
0
3192
0
0
29653

SB
Anonymous

6269
0
************************************************************************
***    "All for Nash"
************************************************************************
ADD these members to the sheet
7221859
814369
685665
191428
1874518
65431
206634
48661
41211
2644
1390
0
12
0
127608
0
188576
373284
83080
31793
0
5878
180314
0
2155671
391148
436
30088
32836
11124
-1
238
13330
0
571
390386
225559
2415
0
382
0
0
558235
19079
32984
12489
89
-1
101261
14383
112703
1096
11076
1355173
892410
252202
80544
2215
0
15132
10783
10199
6989
6346

Anonymous

0
************************************************************************
***    "The Trading Club"
************************************************************************
ADD these members to the sheet
6364185
135653
722301
53257
790748
18361
0
3834
0
0
1243768
145844
3899
341
7562
7232
673
31678
1256
0


************************************************************************
***    "Team Fabibi"
************************************************************************
ADD these members to the sheet
-1
301672
92931
132175
19667
119036
134963
56271
60517
18036
17719
20490
3223
30673
0
458530
0
137
3350
12585
68038
0
0
26
-1
5166083
0
0
41619
50428


************************************************************************
***    "The Nashians "
************************************************************************
ADD these members to the sheet
41125
14555
-1
173496
148878
16507
63424
722
18535
6570
-1
68
1361251
8232
53928
423576


************************************************************************
***    "Gunbot Team"
************************************************************************
ADD these members to the sheet
710731
9319
3149
1297
3437
205660
0
0
5335
0
14536
0
58471
0
2029
0
0
2171
0
0
0

Anonymous
Anonymous
Anonymous
Anonymous

0
0
0
0
************************************************************************
***    "Solo"
************************************************************************
ADD these members to the sheet
7221859
6364185
4356528
-1
1355173
3196557
2287504
869222
41125
481685
1190206
47092
188576
814369
685665
1361251
741672
356134
226346
301672
1202986
14555
191428
295200
-1
197381
92931
1114999
391148
462708
283186
390386
892410
102505
28217
2796991
710731
329233
1874518
373284
385164
405194
159778
75862
793094
2155671
18163
173496
134963
308820
119036
145844
-1
19667
60996
35055
847811
60517
63424
220921
722301
458530
-1
12167
135653
65431
127608
206634
148878
15256
12190
16507
30088
-1
168202
14037
250225
49243
18361
23568
56271
81100
83310
-1
889717
32836
558235
205660
167434
159348
1501423
98315
80544
225559
83080
48864
48661
53257
40042
790748
1243768
972391
28651
180314
58471
132175
61123
10844
32024
227115
154262
101261
41619
40264
252202
41211
77085
50306
73277
28745
67084
68038
31678
19697
49104
10465
22148
30304
645563
50428
56406
31793
53853
27793
57177
5166083
19079
13330
-1
641615
44927
49782
88189
17221
26829
31709
12519
66403
161017
111192
19690
22622
18036
423576
53053
53928
20490
32984
-1
19458
40998
235109
13840
21686
12890
19428
22702
27006
12778
17968
112703
27880
18230
14536
17719
38632
58384
22781
19254
12003
11124
22982
49876
11284
15132
30607
14511
224664
31642
12160
11037
17521
16590
11801
17443
12489
35156
14631
10200
29653
14383
12056
87912
27197
21943
18356
10520
10653
11666
11076
28282
15317
14792
22937
29137
12585
12159
10783
11100
10199
18616
17306
10167
14997

MA
SB
MS
MS
DV
Anonymous
TK
VM
FGH
MA

68403
44695
44276
32226
30673
26207
18535
16487
11938
11699
results end here -------------------------------------------------------
