results start here -------------------------------------------------------
57138536
33458844
23033085
11191393
7619866
2893459
1059728
0
0
0
0

138
63
20
28
14
25
0
0
0
0

106
52
16
23
14
12
0
0
0
0

77
38
10
18
10
4
0
0
0
0

1
2
3
4
5
6
0
0
0
0
PROCESSING SQUADS DONE
************************************************************************
***    "Team CloudBot"
************************************************************************
ADD these members to the sheet
5154744
3678349
2433597
586969
1529313
927939
356598
295200
221190
1119487
535912
309084
102505
976991
-1
56406
385164
-1
1160530
22148
78683
198997
296646
68781
193672
26970
18975
27793
603
99596
19444
23289
30401
167283
749
94524
9534
361
153500
0
24732
0
1645
0
38965
17230
23995
1403
4552
1866
0
0
0
0
15805
0
703
12890
36
0
0
8685
3890
68
200
0
0
27516
0
0
910251
49243
37940
243
159778
2833838
0
869222
432778
75862
63850
0
10090
0
2096
-1
1295
12190
-1
10844
10180
0
0
1501423
28651
879
69938
3367
61900
18
373259
896599
32024
960
0
0
9731
55307
8
0
0
-1
44927
28733
61818
4355
0
0
270948
3669
0
0
161384
47092
251433
0
41946
35055
1416264
10520
3723
7106
787873
94219
70050
18693
0
3192
0
0
29653

SB
Anonymous

6269
0
************************************************************************
***    "All for Nash"
************************************************************************
ADD these members to the sheet
8918537
1021210
853527
191428
1973235
68061
233581
52244
41211
2644
1390
0
12
0
131400
0
188576
497433
100077
35290
0
7398
202184
0
2508472
533435
436
30127
32836
15068
-1
238
13330
0
571
462146
269296
7762
0
407
0
0
675634
19206
32984
12489
89
-1
116836
18062
112703
1096
11076
1357928
1082374
1054961
81203
2215
0
19385
13427
10467
8532
8832

Anonymous

0
************************************************************************
***    "The Trading Club"
************************************************************************
ADD these members to the sheet
7625898
162801
807122
56346
1066614
19646
0
3834
0
0
1244530
145844
6000
995
7562
10453
697
31678
1366
0


************************************************************************
***    "Team Fabibi"
************************************************************************
ADD these members to the sheet
-1
301770
92931
133348
19732
123152
137884
64084
67764
18064
18863
20490
3969
33680
0
463316
164
137
3350
12585
68038
0
0
44
-1
5941477
0
0
41619
53393


************************************************************************
***    "The Nashians "
************************************************************************
ADD these members to the sheet
41125
15129
-1
173496
211339
16538
63424
733
19340
7828
-1
68
1821364
9884
53928
459256


************************************************************************
***    "Gunbot Team"
************************************************************************
ADD these members to the sheet
712370
9319
3149
1297
6500
234930
0
0
6413
1832
16558
0
63155
0
2029
0
0
2171
0
0
0

Anonymous
Anonymous
Anonymous
Anonymous

0
0
0
0
************************************************************************
***    "Solo"
************************************************************************
ADD these members to the sheet
8918537
7625898
5154744
-1
1357928
3678349
2433597
869222
41125
586969
1529313
83132
188576
1021210
853527
1821364
927939
356598
330257
301770
1416264
15129
191428
295200
-1
221190
92931
1119487
533435
535912
309084
462146
1082374
102505
28477
2833838
712370
1305175
1973235
497433
385164
432778
159778
75862
976991
2508472
19444
173496
137884
373259
123152
145844
-1
19732
61900
35055
896599
67764
63424
251433
807122
463316
-1
12167
162801
68061
131400
233581
211339
15256
12190
16538
30127
-1
168202
14037
333104
49243
19646
27516
64084
99596
94524
-1
1160530
32836
675634
234930
198997
168905
1501423
98315
139962
269296
100077
95172
52244
56346
42356
1066614
1244530
972391
28651
202184
63155
133348
78683
10844
32024
296646
176407
116836
41619
40264
1054961
41211
193672
55246
94219
28745
167283
68038
31678
19697
69938
11326
22148
30304
787873
53393
56406
35290
53853
27793
68781
5941477
19206
13330
-1
910251
44927
61818
88189
17236
30401
38965
12519
265657
161384
153500
23289
26970
18064
459256
67866
53928
20490
32984
-1
28498
49302
270948
13840
21686
12890
19428
28733
27006
12778
18904
112703
27880
18230
16558
18863
97254
63850
22781
19254
12003
15068
24732
70050
13983
19385
41946
18693
224664
158446
14875
11037
18975
16590
14751
17443
12489
56897
15805
10200
29653
18062
13917
102271
27197
26427
27760
10520
10653
13782
11076
123251
21187
18262
23995
118445
12585
12159
13427
17230
10467
55307
30969
12576
78567
10180
31001
14993
10199
11472
24488
26754
10096
126708
19711
72176
75624
14114
16881
15622
116216
10090
10453

MS
MA
PA
SB
MS
DV
Anonymous
VM
TK
MA
FGH

188867
81203
57496
47092
37940
33680
26315
19458
19340
14709
11938
results end here -------------------------------------------------------
