results start here -------------------------------------------------------
60054224
34782775
23919232
11626749
7991966
3071286
1085645
0
0
0
0

138
63
20
28
14
25
0
0
0
0

106
52
17
24
14
12
0
0
0
0

77
39
10
18
10
4
0
0
0
0

1
2
3
4
5
6
0
0
0
0
PROCESSING SQUADS DONE
************************************************************************
***    "Team CloudBot"
************************************************************************
ADD these members to the sheet
5424617
3901213
2433597
619509
1605741
964642
357577
295200
242445
1119487
558627
317923
102505
1025786
-1
56406
385164
-1
1232323
22148
87429
211126
325020
75170
196157
28337
22429
27793
603
105559
19444
25317
33666
181672
1164
106583
9804
361
167359
0
28982
0
1645
0
44679
18675
24773
1403
4552
1866
0
0
0
0
15805
0
703
12890
36
0
0
8685
3890
68
200
0
0
32094
0
0
985061
49243
39617
243
159778
2833838
0
869222
448676
75862
65587
0
10090
0
2096
-1
1295
12190
-1
10844
10180
0
0
1501423
28651
879
76207
3367
61900
18
409687
896599
32024
960
0
0
9917
75999
8
0
0
-1
44927
28733
64814
4627
0
0
283932
4035
0
0
161384
47092
283949
0
51074
35055
1416264
10520
3723
7106
927453
107487
79062
20062
0
3192
0
0
29653

SB
Anonymous

6269
0
************************************************************************
***    "All for Nash"
************************************************************************
ADD these members to the sheet
9086923
1029007
919210
191428
2026684
68760
244593
52282
41211
2644
1390
0
12
0
134306
0
188576
559096
103217
36235
0
7398
212686
0
2663143
570339
436
30127
32836
18176
-1
238
13330
0
571
483054
291830
12771
0
407
0
0
737703
24550
32984
12489
89
-1
121406
19261
112703
1096
11076
1364302
1132878
1178182
81499
2215
0
20626
14054
10467
9251
9462

Anonymous

0
************************************************************************
***    "The Trading Club"
************************************************************************
ADD these members to the sheet
7913765
172004
842521
56346
1163433
19646
0
3834
0
0
1246262
145844
6547
1900
7562
12881
791
31678
1366
360


************************************************************************
***    "Team Fabibi"
************************************************************************
ADD these members to the sheet
-1
301770
92931
135213
19732
131743
137884
67160
73758
18064
19097
20733
4053
33680
0
581485
164
137
3350
12633
68038
0
12
44
-1
6175262
0
0
41619
53393


************************************************************************
***    "The Nashians "
************************************************************************
ADD these members to the sheet
41125
15129
-1
173496
219052
16538
66624
752
19340
8478
-1
68
1969472
9956
59738
471512


************************************************************************
***    "Gunbot Team"
************************************************************************
ADD these members to the sheet
712486
9319
3149
1297
8068
254116
0
0
8112
1832
16558
0
66503
0
2029
0
0
2171
0
0
0

Anonymous
Anonymous
Anonymous
Anonymous

0
0
0
0
************************************************************************
***    "Solo"
************************************************************************
ADD these members to the sheet
SDL
MRB
AWM
NNSN
yupyupitsme
9086923
7913765
5424617
-1
1364302
3901213
2433597
869222
41125
619509
1605741
87642
188576
1029007
919210
1969472
964642
357577
344868
301770
1416264
15129
191428
295200
-1
242445
92931
1119487
570339
558627
317923
483054
1132878
102505
28477
2833838
712486
1671902
2026684
559096
385164
448676
159778
75862
1025786
2663143
19444
173496
137884
409687
131743
145844
-1
19732
61900
35055
896599
73758
66624
283949
842521
581485
-1
12167
172004
68760
134306
244593
219052
15256
12190
16538
30127
-1
168202
14133
364706
49243
19646
32094
67160
105559
106583
-1
1232323
32836
737703
254116
211126
171315
1501423
98315
139962
291830
103217
101440
52282
56346
42356
1163433
1246262
972391
28651
212686
66503
135213
87429
10844
32024
325020
198549
121406
41619
40264
1178182
41211
196157
57597
107487
28745
181672
68038
31678
19697
76207
11326
22148
30304
927453
53393
56406
36235
53853
27793
75170
6175262
24550
13330
-1
985061
44927
64814
88189
17246
33666
44679
13042
265657
161384
167359
25317
28337
18064
471512
67866
59738
20733
32984
-1
39070
54339
283932
13840
21686
12890
19428
28733
27006
12778
20807
112703
27880
18783
16558
19097
110227
65587
27545
23528
12003
18176
28982
79062
13983
20626
51074
20062
224664
158446
19913
11037
22429
16590
14751
23649
12489
71205
15805
10200
29653
19261
13917
102271
27197
26427
27790
10520
10653
14406
11076
123251
26352
19139
24773
118445
12633
12159
14054
18675
10467
75999
30969
12576
109448
10180
31001
20935
10199
12873
24488
26754
10096
170637
40883
72176
121755
14114
16881
18202
229153
10090
12881
14026
12771
18299
15089
13863
12632
10157

MS
PA
MA
SB
MS
DV
Anonymous
VM
TK
MA
FGH

232869
100922
81499
47092
39617
33680
26377
19458
19340
14709
11938
results end here -------------------------------------------------------
