results start here -------------------------------------------------------
50348744
31027558
20593443
10384588
7323556
2497417
1031790
0
0
0
0

138
63
20
28
14
25
0
0
0
0

106
52
16
23
14
12
0
0
0
0

76
38
9
18
10
4
0
0
0
0

1
2
3
4
5
6
0
0
0
0
PROCESSING SQUADS DONE
************************************************************************
***    "Team CloudBot"
************************************************************************
ADD these members to the sheet
4741793
3404843
2344640
509791
1389188
830176
356598
295200
203292
1114999
488769
292062
102505
872438
-1
56406
385164
-1
977722
22148
64172
180039
250105
61708
78156
24152
17972
27793
603
87102
18163
21348
28198
67394
575
83905
8749
361
125367
0
23677
0
1258
0
33055
13209
23597
202
4552
1866
0
0
0
0
15416
0
703
12890
36
0
0
8685
3682
68
200
0
0
23568
0
0
743825
49243
35025
243
159778
2818282
0
869222
408558
75862
58412
0
9900
0
2096
-1
1295
12190
-1
10844
10180
0
0
1501423
28651
879
56586
3367
60996
18
329780
859688
32024
960
0
0
9474
27572
8
0
0
-1
44927
23482
53933
947
0
0
248495
3057
0
0
161262
47092
230732
0
32602
35055
1368334
10520
3723
7106
688989
77884
57600
16009
0
3192
0
0
29653

SB
Anonymous

6269
0
************************************************************************
***    "All for Nash"
************************************************************************
ADD these members to the sheet
8166436
861664
736485
191428
1909431
65431
218775
52105
41211
2644
1390
0
12
0
128649
0
188576
405695
83080
33310
0
5878
183709
0
2238714
448258
436
30127
32836
11506
-1
238
13330
0
571
415536
246251
3334
0
382
0
0
612085
19079
32984
12489
89
-1
109115
14991
112703
1096
11076
1355173
975401
481980
81203
2215
0
17071
11973
10467
7615
7184

Anonymous

0
************************************************************************
***    "The Trading Club"
************************************************************************
ADD these members to the sheet
7029090
150075
765323
54033
919534
18361
0
3834
0
0
1244530
145844
4917
638
7562
7232
673
31678
1256
0


************************************************************************
***    "Team Fabibi"
************************************************************************
ADD these members to the sheet
-1
301672
92931
132175
19667
121312
136761
59890
60906
18064
18271
20490
3401
33079
0
463316
164
137
3350
12585
68038
0
0
26
-1
5665162
0
0
41619
50530


************************************************************************
***    "The Nashians "
************************************************************************
ADD these members to the sheet
41125
14721
-1
173496
165745
16507
63424
722
18535
6964
-1
68
1500849
8878
53928
432448


************************************************************************
***    "Gunbot Team"
************************************************************************
ADD these members to the sheet
711132
9319
3149
1297
3796
217691
0
0
6112
1832
14536
0
58721
0
2029
0
0
2171
0
0
0

Anonymous
Anonymous
Anonymous
Anonymous

0
0
0
0
************************************************************************
***    "Solo"
************************************************************************
ADD these members to the sheet
8166436
7029090
4741793
-1
1355173
3404843
2344640
869222
41125
509791
1389188
47092
188576
861664
736485
1500849
830176
356598
226346
301672
1368334
14721
191428
295200
-1
203292
92931
1114999
448258
488769
292062
415536
975401
102505
28272
2818282
711132
485152
1909431
405695
385164
408558
159778
75862
872438
2238714
18163
173496
136761
329780
121312
145844
-1
19667
60996
35055
859688
60906
63424
230732
765323
463316
-1
12167
150075
65431
128649
218775
165745
15256
12190
16507
30127
-1
168202
14037
271229
49243
18361
23568
59890
87102
83905
-1
977722
32836
612085
217691
180039
168905
1501423
98315
81203
246251
83080
48864
52105
54033
40042
919534
1244530
972391
28651
183709
58721
132175
64172
10844
32024
250105
154262
109115
41619
40264
481980
41211
78156
50306
77884
28745
67394
68038
31678
19697
56586
10465
22148
30304
688989
50530
56406
33310
53853
27793
61708
5665162
19079
13330
-1
743825
44927
53933
88189
17221
28198
33055
12519
114277
161262
125367
21348
24152
18064
432448
53053
53928
20490
32984
-1
25984
44343
248495
13840
21686
12890
19428
23482
27006
12778
17968
112703
27880
18230
14536
18271
72365
58412
22781
19254
12003
11506
23677
57600
12225
17071
32602
16009
224664
31807
12175
11037
17972
16590
12770
17443
12489
44395
15416
10200
29653
14991
12056
102271
27197
21943
18356
10520
10653
11719
11076
87101
15317
16149
23597
29137
12585
12159
11973
13209
10467
27572
30969
10167
54337
10180
31001
11433
10199
11472

MA
MS
SB
MS
DV
Anonymous
VM
TK
FGH
MA

68403
50487
44740
35025
33079
26263
19458
18535
11938
11699
results end here -------------------------------------------------------
