results start here -------------------------------------------------------
27093894
15981110
10485297
5109865
4239241
1147014
892745
0
0
0
0

128
53
18
27
14
24
0
0
0
0

95
42
14
20
13
11
0
0
0
0

61
28
9
15
10
3
0
0
0
0

1
2
3
4
5
6
0
0
0
0
PROCESSING SQUADS DONE
************************************************************************
***    "Team CloudBot"
************************************************************************
ADD these members to the sheet
2614833
1712096
1214845
267647
394478
363204
292502
227946
128807
1093747
273167
161638
94822
395217
-1
48958
283249
-1
121527
15851
30354
60312
91927
23911
59722
12986
7643
26610
450
43896
17106
11986
15276
56810
232
45725
3554
361
24697
0
1890
0
132
0
12785
4351
3890
0
4552
1866
0
0
0
0
4660
0
703
12890
0
0
0
3819
3348
68
0
0
0
23568
0
0
169685
30056
10877
243
73952
1392678
0
869222
322091
75862
4159
0
6806
0
2096
-1
1295
12190
29548
10826
3523
0
0
1268191
28651
879
17839
3367
47101
18
127363
365003
32024
882
0
0
7496
6343
8
0
0
-1
44695
11756
34898
693
0
0
41985
916
0
0
60927
106
110151
0
2520
35055
392907
7570
0

Anonymous

0
************************************************************************
***    "All for Nash"
************************************************************************
ADD these members to the sheet
4184216
478399
357540
139809
1212032
46244
129551
35004
34275
1129
414
0
12
0
73266
0
181857
107619
67888
18281
0
5878
153333
0
1225084
161194
255
29968
21636
9917
-1
93
11212
0
510
217707
78863
599
0
382
0
0
196653
13297
17702
8556
73
-1
42816
6959
10976
1096
0
1202983

Anonymous

0
************************************************************************
***    "The Trading Club"
************************************************************************
ADD these members to the sheet
3737947
69834
387005
38863
129734
15413
0
865
0
0
585516
115550
345
0
7562
6087
221
14918


************************************************************************
***    "Team Fabibi"
************************************************************************
ADD these members to the sheet
-1
236494
54387
25009
18652
90155
110510
35265
43242
12533
9921
14758
1358
28002
0
209211
0
0
1510
192
34568
0
0
21
-1
3274472
0
0
38973


************************************************************************
***    "The Nashians "
************************************************************************
ADD these members to the sheet
40641
14015
-1
162651
72139
15045
63419
0
16606
3315
-1
68
537313
3367
39134
179296


************************************************************************
***    "Gunbot Team"
************************************************************************
ADD these members to the sheet
707408
8150
3100
276
569
108992
0
0
4418
0
9293
0
46334
0
2029
0
0
2171
0
0

Anonymous
Anonymous
Anonymous
Anonymous

0
0
0
0
************************************************************************
***    "Solo"
************************************************************************
ADD these members to the sheet
4184216
3737947
2614833
-1
1202983
1712096
1214845
869222
40641
267647
394478
30048
181857
478399
357540
537313
363204
292502
108051
236494
392907
14015
139809
227946
-1
128807
54387
1093747
161194
273167
161638
217707
457676
94822
28193
1392678
707408
52865
1212032
107619
283249
322091
73952
75862
395217
1225084
17106
162651
110510
127363
90155
115550
29548
18652
47101
35055
365003
43242
63419
110151
387005
209211
-1
12167
69834
46244
73266
129551
72139
15256
12190
15045
29968
-1
168202
14037
120863
30056
15413
23568
35265
43896
45725
-1
121527
21636
196653
108992
60312
17067
1268191
37030
55373
78863
67888
18684
35004
38863
35622
129734
585516
972391
28651
153333
46334
25009
30354
10826
32024
91927
75072
42816
38973
40264
81036
34275
59722
33710
34588
28745
56810
34568
14918
19697
17839
10465
15851
22232
198481
36419
48958
18281
15093
26610
23911
3274472
13297
11212
-1
169685
44695
34898
16139
10959
15276
12785
12519
30406
60927
24697
11986
12986
12533
179296
12909
39134
14758
17702
439319
19458
16995
41985
13840
21686
12890
12138
11756
20689
12778
13202
10976

DV
TK
MS

28002
16606
10877
results end here -------------------------------------------------------
