results start here -------------------------------------------------------
37008044
23285112
15121861
7587917
5917440
1664017
960608
0
0
0
0

138
63
20
28
14
25
0
0
0
0

103
52
16
22
14
11
0
0
0
0

70
33
9
17
10
4
0
0
0
0

1
2
3
4
5
6
0
0
0
0
PROCESSING SQUADS DONE
************************************************************************
***    "Team CloudBot"
************************************************************************
ADD these members to the sheet
3454866
2493855
1960690
371075
704759
513828
340727
294398
175622
1114999
378199
238741
102505
625005
-1
56084
385164
-1
503087
18907
44904
114828
157852
46528
73421
18929
12614
27793
603
62276
17106
17455
22677
66865
313
71454
4794
361
66403
0
19224
0
245
0
25075
6052
4727
0
4552
1866
0
0
0
0
9799
0
703
12890
0
0
0
8685
3367
68
200
0
0
23568
0
0
402498
49243
24925
243
127087
1930154
0
869222
392477
75862
54005
0
8416
0
2096
-1
1295
12190
29548
10826
6202
0
0
1501423
28651
879
25573
3367
60996
18
230109
679608
32024
960
0
0
7935
6343
8
0
0
-1
44927
17121
40911
693
0
0
159054
2779
0
0
159601
47092
179615
0
23236
35055
759838
9744
0
6380
439232
51278
34525
11384
0
1618
0
0

SB
Anonymous

6091
0
************************************************************************
***    "All for Nash"
************************************************************************
ADD these members to the sheet
5692158
677564
541537
181721
1654163
56564
157733
42483
41211
1129
1390
0
12
0
118245
0
188576
137562
69939
24504
0
5878
174221
0
1676774
252466
255
29968
32836
10108
-1
175
12884
0
571
319271
149706
599
0
382
0
0
378667
19079
32984
9795
73
-1
69726
9000
112703
1096
8227
1348906
679729
93134
66893
2215
0
11467
8835
7547
5229
3947

Anonymous

0
************************************************************************
***    "The Trading Club"
************************************************************************
ADD these members to the sheet
5116209
111849
593775
48802
470451
16462
0
3664
0
0
1065323
116975
741
110
7562
7232
541
27491
721
0


************************************************************************
***    "Team Fabibi"
************************************************************************
ADD these members to the sheet
-1
298477
72826
132175
19643
102882
124479
56271
58464
17226
13809
20008
1928
28250
0
304491
0
137
3350
192
59955
0
0
26
-1
4511128
0
0
41284
50428


************************************************************************
***    "The Nashians "
************************************************************************
ADD these members to the sheet
41125
14015
-1
170950
120125
16476
63419
253
18535
5098
-1
68
865045
5605
42596
300700


************************************************************************
***    "Gunbot Team"
************************************************************************
ADD these members to the sheet
708865
8150
3143
1297
2153
158468
0
0
4999
0
14536
0
54792
0
2029
0
0
2171
0
0
0

Anonymous
Anonymous
Anonymous
Anonymous

0
0
0
0
************************************************************************
***    "Solo"
************************************************************************
ADD these members to the sheet
5692158
5116209
3454866
-1
1348906
2493855
1960690
869222
41125
371075
704759
47092
188576
677564
541537
865045
513828
340727
136419
298477
759838
14015
181721
294398
-1
175622
72826
1114999
252466
378199
238741
319271
679729
102505
28193
1930154
708865
52865
1654163
137562
385164
392477
127087
75862
625005
1676774
17106
170950
124479
230109
102882
116975
29548
19643
60996
35055
679608
58464
63419
179615
593775
304491
-1
12167
111849
56564
118245
157733
120125
15256
12190
16476
29968
-1
168202
14037
177877
49243
16462
23568
56271
62276
71454
-1
503087
32836
378667
158468
114828
83988
1501423
84018
66893
149706
69939
32692
42483
48802
40042
470451
1065323
972391
28651
174221
54792
132175
44904
10826
32024
157852
101075
69726
41284
40264
93134
41211
73421
45572
51278
28745
66865
59955
27491
19697
25573
10465
18907
22232
439232
50428
56084
24504
53701
27793
46528
4511128
19079
12884
-1
402498
44927
40911
30302
10959
22677
25075
12519
30406
159601
66403
17455
18929
17226
300700
26207
42596
20008
32984
439319
19458
19926
159054
13840
21686
12890
18111
17121
27006
12778
15036
112703
15895
17291
14536
13809
13996
54005
16447
19254
12003
10108
19224
34525
11284
11467
23236
11384
160063
31642
12102
11037
12614
10555
10069

SB
DV
MS
TK
FGH
MA

44695
28250
24925
18535
11938
10281
results end here -------------------------------------------------------
