results start here -------------------------------------------------------
48973985
30399850
19877495
10099025
7127194
2408344
1026296
0
0
0
0

138
63
20
28
14
25
0
0
0
0

105
52
16
23
14
11
0
0
0
0

76
38
9
18
10
4
0
0
0
0

1
2
3
4
5
6
0
0
0
0
PROCESSING SQUADS DONE
************************************************************************
***    "Team CloudBot"
************************************************************************
ADD these members to the sheet
4594339
3293585
2325465
502589
1314314
800853
356598
295200
200841
1114999
472852
289026
102505
845144
-1
56406
385164
-1
945313
22148
63125
173705
242223
59835
77474
23020
17834
27793
603
84685
18163
21029
27934
67084
575
83905
8553
361
116762
0
23398
0
1258
0
32531
11725
23597
0
4552
1866
0
0
0
0
15023
0
703
12890
36
0
0
8685
3682
68
200
0
0
23568
0
0
704310
49243
35025
243
159778
2818282
0
869222
405194
75862
58412
0
9900
0
2096
-1
1295
12190
-1
10844
10180
0
0
1501423
28651
879
54865
3367
60996
18
321996
858749
32024
960
0
0
9474
24097
8
0
0
-1
44927
23482
52067
947
0
0
245202
3057
0
0
161099
47092
226076
0
32602
35055
1334161
10520
3723
7106
672172
76480
54714
14833
0
3192
0
0
29653

SB
Anonymous

6269
0
************************************************************************
***    "All for Nash"
************************************************************************
ADD these members to the sheet
7840414
861664
710559
191428
1902813
65431
218032
51000
41211
2644
1390
0
12
0
128420
0
188576
384416
83080
33262
0
5878
182546
0
2205285
429127
436
30127
32836
11506
-1
238
13330
0
571
404060
236830
2715
0
382
0
0
612085
19079
32984
12489
89
-1
105822
14576
112703
1096
11076
1355173
939256
266122
80544
2215
0
16478
11568
10199
7105
6589

Anonymous

0
************************************************************************
***    "The Trading Club"
************************************************************************
ADD these members to the sheet
6795280
144713
757052
53884
882474
18361
0
3834
0
0
1243768
145844
4917
489
7562
7232
673
31678
1256
0


************************************************************************
***    "Team Fabibi"
************************************************************************
ADD these members to the sheet
-1
301672
92931
132175
19667
120930
135960
59890
60906
18064
17719
20490
3329
30673
0
463316
164
137
3350
12585
68038
0
0
26
-1
5473115
0
0
41619
50428


************************************************************************
***    "The Nashians "
************************************************************************
ADD these members to the sheet
41125
14721
-1
173496
157829
16507
63424
722
18535
6869
-1
68
1423763
8662
53928
428688


************************************************************************
***    "Gunbot Team"
************************************************************************
ADD these members to the sheet
711027
9319
3149
1297
3796
214297
0
0
6112
0
14536
0
58559
0
2029
0
0
2171
0
0
0

Anonymous
Anonymous
Anonymous
Anonymous

0
0
0
0
************************************************************************
***    "Solo"
************************************************************************
ADD these members to the sheet
GB
7840414
6795280
4594339
-1
1355173
3293585
2325465
869222
41125
502589
1314314
47092
188576
861664
710559
1423763
800853
356598
226346
301672
1334161
14721
191428
295200
-1
200841
92931
1114999
429127
472852
289026
404060
939256
102505
28272
2818282
711027
329233
1902813
384416
385164
405194
159778
75862
845144
2205285
18163
173496
135960
321996
120930
145844
-1
19667
60996
35055
858749
60906
63424
226076
757052
463316
-1
12167
144713
65431
128420
218032
157829
15256
12190
16507
30127
-1
168202
14037
260835
49243
18361
23568
59890
84685
83905
-1
945313
32836
612085
214297
173705
162884
1501423
98315
80544
236830
83080
48864
51000
53884
40042
882474
1243768
972391
28651
182546
58559
132175
63125
10844
32024
242223
154262
105822
41619
40264
266122
41211
77474
50306
76480
28745
67084
68038
31678
19697
54865
10465
22148
30304
672172
50428
56406
33262
53853
27793
59835
5473115
19079
13330
-1
704310
44927
52067
88189
17221
27934
32531
12519
66403
161099
116762
21029
23020
18064
428688
53053
53928
20490
32984
-1
19458
44343
245202
13840
21686
12890
19428
23482
27006
12778
17968
112703
27880
18230
14536
17719
57462
58412
22781
19254
12003
11506
23398
54714
11284
16478
32602
14833
224664
31642
12175
11037
17834
16590
11801
17443
12489
35156
15023
10200
29653
14576
12056
102271
27197
21943
18356
10520
10653
11666
11076
28282
15317
16149
23597
29137
12585
12159
11568
11725
10199
24097
30969
10167
38452
10180
31001

MA
SB
MS
MS
DV
Anonymous
TK
VM
FGH
MA

68403
44695
44276
35025
30673
26263
18535
16487
11938
11699
results end here -------------------------------------------------------
