results start here -------------------------------------------------------
41521493
26086994
16478048
8567865
6351805
1988638
997875
0
0
0
0

138
63
20
28
14
25
0
0
0
0

105
52
16
22
14
11
0
0
0
0

72
36
9
17
10
4
0
0
0
0

1
2
3
4
5
6
0
0
0
0
PROCESSING SQUADS DONE
************************************************************************
***    "Team CloudBot"
************************************************************************
ADD these members to the sheet
3821814
2854726
2064143
436909
892778
619210
346850
295200
185943
1114999
421508
269607
102505
709482
-1
56406
385164
-1
678376
19607
51352
142929
189788
52237
75575
21340
14039
27793
603
72901
18163
18187
24462
67084
487
76411
6595
361
87983
0
21906
0
1258
0
30513
7706
9550
0
4552
1866
0
0
0
0
14297
0
703
12890
36
0
0
8685
3367
68
200
0
0
23568
0
0
506004
49243
29287
243
155191
2296679
0
869222
405111
75862
58355
0
9242
0
2096
-1
1295
12190
-1
10826
7491
0
0
1501423
28651
879
39076
3367
60996
18
280421
806065
32024
960
0
0
9474
6343
8
0
0
-1
44927
19913
45452
693
0
0
210551
2938
0
0
159601
47092
200988
0
28514
35055
921375
10520
432
7106
566619
65111
44790
13535
0
3192
0
0
29548

SB
Anonymous

6269
0
************************************************************************
***    "All for Nash"
************************************************************************
ADD these members to the sheet
6035268
730413
629679
191428
1814028
61718
193901
45155
41211
1833
1390
0
12
0
125825
0
188576
196463
81857
28018
0
5878
179608
0
1931462
307953
436
29968
32836
10108
-1
238
13330
0
571
364186
188915
599
0
382
0
0
404823
19079
32984
12489
89
-1
85578
12621
112703
1096
11076
1352304
761644
111971
79659
2215
0
13537
9958
9140
6364
5450

Anonymous

0
************************************************************************
***    "The Trading Club"
************************************************************************
ADD these members to the sheet
5655128
126501
652777
51560
661797
17462
0
3664
0
0
1217523
130960
1976
110
7562
7232
673
31678
1256
0


************************************************************************
***    "Team Fabibi"
************************************************************************
ADD these members to the sheet
-1
301672
84391
132175
19643
115993
132058
56271
59534
18036
16034
20129
2917
30673
0
407004
0
137
3350
255
68038
0
0
26
-1
4791462
0
0
41568
50428


************************************************************************
***    "The Nashians "
************************************************************************
ADD these members to the sheet
41125
14387
-1
173496
124797
16476
63419
493
18535
5816
-1
68
1096929
7145
48060
377884


************************************************************************
***    "Gunbot Team"
************************************************************************
ADD these members to the sheet
710555
9319
3149
1297
2825
189789
0
0
4999
0
14536
0
57201
0
2029
0
0
2171
0
0
0

Anonymous
Anonymous
Anonymous
Anonymous

0
0
0
0
************************************************************************
***    "Solo"
************************************************************************
ADD these members to the sheet
6035268
5655128
3821814
-1
1352304
2854726
2064143
869222
41125
436909
892778
47092
188576
730413
629679
1096929
619210
346850
196408
301672
921375
14387
191428
295200
-1
185943
84391
1114999
307953
421508
269607
364186
761644
102505
28217
2296679
710555
73885
1814028
196463
385164
405111
155191
75862
709482
1931462
18163
173496
132058
280421
115993
130960
-1
19643
60996
35055
806065
59534
63419
200988
652777
407004
-1
12167
126501
61718
125825
193901
124797
15256
12190
16476
29968
-1
168202
14037
205365
49243
17462
23568
56271
72901
76411
-1
678376
32836
404823
189789
142929
107295
1501423
98315
79659
188915
81857
42922
45155
51560
40042
661797
1217523
972391
28651
179608
57201
132175
51352
10826
32024
189788
154262
85578
41568
40264
111971
41211
75575
46739
65111
28745
67084
68038
31678
19697
39076
10465
19607
22232
566619
50428
56406
28018
53853
27793
52237
4791462
19079
13330
-1
506004
44927
45452
55317
17221
24462
30513
12519
66403
159601
87983
18187
21340
18036
377884
46044
48060
20129
32984
-1
19458
23349
210551
13840
21686
12890
19428
19913
27006
12778
16421
112703
27880
18230
14536
16034
37634
58355
19635
19254
12003
10108
21906
44790
11284
13537
28514
13535
224664
31642
12160
11037
14039
16590
11801
13649
12489
33253
14297
10200
29548
12621
11839
53514
26702
21065
18346
10520
10653
11666
11076

MA
SB
MS
DV
MS
TK
FGH
MA

68403
44695
34462
30673
29287
18535
11938
10389
results end here -------------------------------------------------------
