results start here -------------------------------------------------------
41419738
25991726
16420778
8536749
6348025
1985697
997633
0
0
0
0

138
63
20
28
14
25
0
0
0
0

105
52
16
22
14
11
0
0
0
0

72
36
9
17
10
4
0
0
0
0

1
2
3
4
5
6
0
0
0
0
PROCESSING SQUADS DONE
************************************************************************
***    "Team CloudBot"
************************************************************************
ADD these members to the sheet
3810142
2844393
2050015
434553
887028
616019
346086
295200
185652
1114999
419618
269181
102505
702772
-1
56406
385164
-1
664704
19607
51252
142346
188893
51814
75053
21340
14039
27793
603
72617
18163
18187
24394
67084
487
75816
6595
361
87258
0
21726
0
1258
0
29255
7706
9550
0
4552
1866
0
0
0
0
14272
0
703
12890
36
0
0
8685
3367
68
200
0
0
23568
0
0
503296
49243
29000
243
154992
2296679
0
869222
405111
75862
58327
0
9242
0
2096
-1
1295
12190
-1
10826
7391
0
0
1501423
28651
879
38344
3367
60996
18
277707
805851
32024
960
0
0
9474
6343
8
0
0
-1
44927
19814
45452
693
0
0
209105
2898
0
0
159601
47092
200648
0
26819
35055
914898
10520
432
7106
566007
64370
44790
13535
0
3192
0
0
29548

SB
Anonymous

6269
0
************************************************************************
***    "All for Nash"
************************************************************************
ADD these members to the sheet
5999104
730413
629679
191428
1810355
61718
192114
44922
41211
1833
1390
0
12
0
125690
0
188576
196463
81857
28018
0
5878
179574
0
1924657
307953
436
29968
32836
10108
-1
238
13330
0
571
363389
187016
599
0
382
0
0
404823
19079
32984
12489
89
-1
85078
12413
112703
1096
11076
1352279
759715
108988
79559
2215
0
13537
9958
9140
6364
5450

Anonymous

0
************************************************************************
***    "The Trading Club"
************************************************************************
ADD these members to the sheet
5636785
125864
650119
51321
656847
17462
0
3664
0
0
1213230
130960
1976
110
7562
7232
673
31678
1256
0


************************************************************************
***    "Team Fabibi"
************************************************************************
ADD these members to the sheet
-1
301672
84391
132175
19643
115993
130961
56271
59243
18036
16034
20129
2917
30673
0
407004
0
137
3350
255
68038
0
0
26
-1
4789071
0
0
41568
50428


************************************************************************
***    "The Nashians "
************************************************************************
ADD these members to the sheet
41125
14387
-1
173496
124797
16476
63419
493
18535
5804
-1
68
1094997
7049
48060
376983


************************************************************************
***    "Gunbot Team"
************************************************************************
ADD these members to the sheet
710555
9319
3149
1297
2730
189789
0
0
4999
0
14536
0
57055
0
2029
0
0
2171
0
0
0

Anonymous
Anonymous
Anonymous
Anonymous

0
0
0
0
************************************************************************
***    "Solo"
************************************************************************
ADD these members to the sheet
JSFA
Ruemmi
5999104
5636785
3810142
-1
1352279
2844393
2050015
869222
41125
434553
887028
47092
188576
730413
629679
1094997
616019
346086
196408
301672
914898
14387
191428
295200
-1
185652
84391
1114999
307953
419618
269181
363389
759715
102505
28217
2296679
710555
72296
1810355
196463
385164
405111
154992
75862
702772
1924657
18163
173496
130961
277707
115993
130960
-1
19643
60996
35055
805851
59243
63419
200648
650119
407004
-1
12167
125864
61718
125690
192114
124797
15256
12190
16476
29968
-1
168202
14037
205260
49243
17462
23568
56271
72617
75816
-1
664704
32836
404823
189789
142346
107295
1501423
93446
79559
187016
81857
42922
44922
51321
40042
656847
1213230
972391
28651
179574
57055
132175
51252
10826
32024
188893
154262
85078
41568
40264
108988
41211
75053
46739
64370
28745
67084
68038
31678
19697
38344
10465
19607
22232
566007
50428
56406
28018
53853
27793
51814
4789071
19079
13330
-1
503296
44927
45452
55317
17221
24394
29255
12519
66403
159601
87258
18187
21340
18036
376983
46044
48060
20129
32984
-1
19458
23349
209105
13840
21686
12890
19428
19814
27006
12778
16421
112703
27880
18230
14536
16034
37634
58327
19635
19254
12003
10108
21726
44790
11284
13537
26819
13535
224664
31642
12160
11037
14039
16590
11801
13649
12489
33253
14272
10200
29548
12413
11839
51357
26203
21065
18346
10520
10653
11666
11076

MA
SB
MS
DV
MS
TK
FGH
MA

68403
44695
34462
30673
29000
18535
11938
10389
results end here -------------------------------------------------------
