results start here -------------------------------------------------------
58377773
34100321
23379594
11410820
7777841
2978839
1075272
0
0
0
0

138
63
20
28
14
25
0
0
0
0

106
52
17
23
14
12
0
0
0
0

77
39
10
18
10
4
0
0
0
0

1
2
3
4
5
6
0
0
0
0
PROCESSING SQUADS DONE
************************************************************************
***    "Team CloudBot"
************************************************************************
ADD these members to the sheet
5300745
3770242
2433597
601318
1560286
948469
356598
295200
231080
1119487
546140
311192
102505
1004361
-1
56406
385164
-1
1191818
22148
83993
204419
310471
71679
195478
27456
20942
27793
603
102495
19444
23773
32544
177150
959
102741
9632
361
160544
0
27109
0
1645
0
42423
18656
24315
1403
4552
1866
0
0
0
0
15805
0
703
12890
36
0
0
8685
3890
68
200
0
0
27516
0
0
950218
49243
39617
243
159778
2833838
0
869222
441794
75862
65587
0
10090
0
2096
-1
1295
12190
-1
10844
10180
0
0
1501423
28651
879
73637
3367
61900
18
393676
896599
32024
960
0
0
9731
66499
8
0
0
-1
44927
28733
61818
4627
0
0
276450
4035
0
0
161384
47092
263081
0
47365
35055
1416264
10520
3723
7106
854562
100797
72063
19088
0
3192
0
0
29653

SB
Anonymous

6269
0
************************************************************************
***    "All for Nash"
************************************************************************
ADD these members to the sheet
8990126
1025109
882766
191428
2001261
68760
239925
52282
41211
2644
1390
0
12
0
133474
0
188576
504159
103217
35554
0
7398
206782
0
2612266
550202
436
30127
32836
16862
-1
238
13330
0
571
472916
281873
12165
0
407
0
0
675634
19206
32984
12489
89
-1
118256
18543
112703
1096
11076
1360475
1112178
1059499
81203
2215
0
19742
13627
10467
8744
9043

Anonymous

0
************************************************************************
***    "The Trading Club"
************************************************************************
ADD these members to the sheet
7771933
166985
825439
56346
1113462
19646
0
3834
0
0
1246262
145844
6000
1536
7562
11767
791
31678
1366
360


************************************************************************
***    "Team Fabibi"
************************************************************************
ADD these members to the sheet
-1
301770
92931
133348
19732
129494
137884
65728
72969
18064
18989
20490
4009
33680
0
463316
164
137
3350
12633
68038
0
0
44
-1
6086050
0
0
41619
53393


************************************************************************
***    "The Nashians "
************************************************************************
ADD these members to the sheet
41125
15129
-1
173496
215288
16538
66624
752
19340
8165
-1
68
1890547
9956
53928
467877


************************************************************************
***    "Gunbot Team"
************************************************************************
ADD these members to the sheet
712486
9319
3149
1297
7465
247234
0
0
6413
1832
16558
0
65313
0
2029
0
0
2171
0
0
0

Anonymous
Anonymous
Anonymous
Anonymous

0
0
0
0
************************************************************************
***    "Solo"
************************************************************************
ADD these members to the sheet
8990126
7771933
5300745
-1
1360475
3770242
2433597
869222
41125
601318
1560286
84955
188576
1025109
882766
1890547
948469
356598
330257
301770
1416264
15129
191428
295200
-1
231080
92931
1119487
550202
546140
311192
472916
1112178
102505
28477
2833838
712486
1468256
2001261
504159
385164
441794
159778
75862
1004361
2612266
19444
173496
137884
393676
129494
145844
-1
19732
61900
35055
896599
72969
66624
263081
825439
463316
-1
12167
166985
68760
133474
239925
215288
15256
12190
16538
30127
-1
168202
14133
349509
49243
19646
27516
65728
102495
102741
-1
1191818
32836
675634
247234
204419
171315
1501423
98315
139962
281873
103217
95535
52282
56346
42356
1113462
1246262
972391
28651
206782
65313
133348
83993
10844
32024
310471
176407
118256
41619
40264
1059499
41211
195478
55246
100797
28745
177150
68038
31678
19697
73637
11326
22148
30304
854562
53393
56406
35554
53853
27793
71679
6086050
19206
13330
-1
950218
44927
61818
88189
17246
32544
42423
12519
265657
161384
160544
23773
27456
18064
467877
67866
53928
20490
32984
-1
39070
51018
276450
13840
21686
12890
19428
28733
27006
12778
18904
112703
27880
18783
16558
18989
99167
65587
27545
19254
12003
16862
27109
72063
13983
19742
47365
19088
224664
158446
14875
11037
20942
16590
14751
23649
12489
61466
15805
10200
29653
18543
13917
102271
27197
26427
27760
10520
10653
13782
11076
123251
21187
19139
24315
118445
12633
12159
13627
18656
10467
66499
30969
12576
98185
10180
31001
16579
10199
11472
24488
26754
10096
150611
19711
72176
99804
14114
16881
18202
161726
10090
11767
14026
12165

MS
MA
PA
SB
MS
DV
Anonymous
VM
TK
MA
FGH

212971
81203
79782
47092
39617
33680
26377
19458
19340
14709
11938
results end here -------------------------------------------------------
