results start here -------------------------------------------------------
57442458
33675433
23145847
11247811
7657993
2906559
1064919
0
0
0
0

138
63
20
28
14
25
0
0
0
0

106
52
16
23
14
12
0
0
0
0

77
38
10
18
10
4
0
0
0
0

1
2
3
4
5
6
0
0
0
0
PROCESSING SQUADS DONE
************************************************************************
***    "Team CloudBot"
************************************************************************
ADD these members to the sheet
5207701
3712805
2433597
590528
1544203
933771
356598
295200
222822
1119487
539895
309734
102505
985633
-1
56406
385164
-1
1170801
22148
79685
200963
301264
69425
194770
27050
19277
27793
603
100598
19444
23289
31091
167793
749
95427
9632
361
157327
0
25538
0
1645
0
39792
17930
24174
1403
4552
1866
0
0
0
0
15805
0
703
12890
36
0
0
8685
3890
68
200
0
0
27516
0
0
926874
49243
38619
243
159778
2833838
0
869222
435275
75862
63850
0
10090
0
2096
-1
1295
12190
-1
10844
10180
0
0
1501423
28651
879
71349
3367
61900
18
377349
896599
32024
960
0
0
9731
57879
8
0
0
-1
44927
28733
61818
4627
0
0
272437
3810
0
0
161384
47092
253532
0
42950
35055
1416264
10520
3723
7106
812832
96116
70648
18823
0
3192
0
0
29653

SB
Anonymous

6269
0
************************************************************************
***    "All for Nash"
************************************************************************
ADD these members to the sheet
8933664
1021210
864118
191428
1980742
68760
235414
52282
41211
2644
1390
0
12
0
131636
0
188576
500668
101598
35395
0
7398
203812
0
2543220
543331
436
30127
32836
15318
-1
238
13330
0
571
465332
273465
9168
0
407
0
0
675634
19206
32984
12489
89
-1
117305
18197
112703
1096
11076
1358373
1095345
1057232
81203
2215
0
19503
13493
10467
8571
8902

Anonymous

0
************************************************************************
***    "The Trading Club"
************************************************************************
ADD these members to the sheet
7668737
163679
812151
56346
1071804
19646
0
3834
0
0
1246262
145844
6000
1204
7562
10992
697
31678
1366
0


************************************************************************
***    "Team Fabibi"
************************************************************************
ADD these members to the sheet
-1
301770
92931
133348
19732
125353
137884
64842
68158
18064
18917
20490
3969
33680
0
463316
164
137
3350
12585
68038
0
0
44
-1
5976198
0
0
41619
53393


************************************************************************
***    "The Nashians "
************************************************************************
ADD these members to the sheet
41125
15129
-1
173496
212432
16538
66003
733
19340
7936
-1
68
1828109
9896
53928
461819


************************************************************************
***    "Gunbot Team"
************************************************************************
ADD these members to the sheet
712486
9319
3149
1297
6801
239297
0
0
6413
1832
16558
0
63561
0
2029
0
0
2171
0
0
0

Anonymous
Anonymous
Anonymous
Anonymous

0
0
0
0
************************************************************************
***    "Solo"
************************************************************************
ADD these members to the sheet
8933664
7668737
5207701
-1
1358373
3712805
2433597
869222
41125
590528
1544203
83132
188576
1021210
864118
1828109
933771
356598
330257
301770
1416264
15129
191428
295200
-1
222822
92931
1119487
543331
539895
309734
465332
1095345
102505
28477
2833838
712486
1305175
1980742
500668
385164
435275
159778
75862
985633
2543220
19444
173496
137884
377349
125353
145844
-1
19732
61900
35055
896599
68158
66003
253532
812151
463316
-1
12167
163679
68760
131636
235414
212432
15256
12190
16538
30127
-1
168202
14037
340215
49243
19646
27516
64842
100598
95427
-1
1170801
32836
675634
239297
200963
171315
1501423
98315
139962
273465
101598
95172
52282
56346
42356
1071804
1246262
972391
28651
203812
63561
133348
79685
10844
32024
301264
176407
117305
41619
40264
1057232
41211
194770
55246
96116
28745
167793
68038
31678
19697
71349
11326
22148
30304
812832
53393
56406
35395
53853
27793
69425
5976198
19206
13330
-1
926874
44927
61818
88189
17246
31091
39792
12519
265657
161384
157327
23289
27050
18064
461819
67866
53928
20490
32984
-1
28498
49302
272437
13840
21686
12890
19428
28733
27006
12778
18904
112703
27880
18230
16558
18917
99167
63850
22781
19254
12003
15318
25538
70648
13983
19503
42950
18823
224664
158446
14875
11037
19277
16590
14751
17443
12489
58196
15805
10200
29653
18197
13917
102271
27197
26427
27760
10520
10653
13782
11076
123251
21187
18980
24174
118445
12585
12159
13493
17930
10467
57879
30969
12576
96647
10180
31001
16579
10199
11472
24488
26754
10096
135578
19711
72176
84638
14114
16881
18202
125318
10090
10992

MS
MA
PA
SB
MS
DV
Anonymous
VM
TK
MA
FGH

189373
81203
64445
47092
38619
33680
26377
19458
19340
14709
11938
results end here -------------------------------------------------------
