results start here -------------------------------------------------------
47181581
29400426
18924675
9557821
6829974
2337239
1017852
0
0
0
0

138
63
20
28
14
25
0
0
0
0

105
52
16
22
14
11
0
0
0
0

75
38
9
18
10
4
0
0
0
0

1
2
3
4
5
6
0
0
0
0
PROCESSING SQUADS DONE
************************************************************************
***    "Team CloudBot"
************************************************************************
ADD these members to the sheet
4367378
3204780
2289901
482912
1194369
743811
356478
295200
197779
1114999
463492
283385
102505
794437
-1
56406
385164
-1
895348
22148
61471
167984
227474
57375
77085
22622
17769
27793
603
81420
18163
19690
26937
67084
530
83905
8553
361
111426
0
23025
0
1258
0
31858
11138
22937
0
4552
1866
0
0
0
0
14631
0
703
12890
36
0
0
8685
3682
68
200
0
0
23568
0
0
643266
49243
32519
243
159778
2796991
0
869222
405194
75862
58384
0
9900
0
2096
-1
1295
12190
-1
10844
8662
0
0
1501423
28651
879
49417
3367
60996
18
309815
849324
32024
960
0
0
9474
19167
8
0
0
-1
44927
23482
49782
897
0
0
235632
3057
0
0
161017
47092
221760
0
31006
35055
1208645
10520
1926
7106
650236
73685
49876
14511
0
3192
0
0
29653

SB
Anonymous

6269
0
************************************************************************
***    "All for Nash"
************************************************************************
ADD these members to the sheet
7230930
816440
690445
191428
1876160
65431
207880
48932
41211
2644
1390
0
12
0
127692
0
188576
373284
83080
31793
0
5878
180314
0
2156807
391445
436
30088
32836
11270
-1
238
13330
0
571
391032
226136
2415
0
382
0
0
558235
19079
32984
12489
89
-1
101321
14413
112703
1096
11076
1355173
893569
259711
80544
2215
0
15132
10783
10199
6989
6346

Anonymous

0
************************************************************************
***    "The Trading Club"
************************************************************************
ADD these members to the sheet
6383319
136304
724622
53287
795833
18361
0
3834
0
0
1243768
145844
3899
341
7562
7232
673
31678
1256
0


************************************************************************
***    "Team Fabibi"
************************************************************************
ADD these members to the sheet
-1
301672
92931
132175
19667
119148
135262
56271
60906
18036
17719
20490
3223
30673
0
458530
0
137
3350
12585
68038
0
0
26
-1
5187077
0
0
41619
50428


************************************************************************
***    "The Nashians "
************************************************************************
ADD these members to the sheet
41125
14555
-1
173496
149701
16507
63424
722
18535
6594
-1
68
1366285
8256
53928
424035


************************************************************************
***    "Gunbot Team"
************************************************************************
ADD these members to the sheet
710731
9319
3149
1297
3557
207253
0
0
5335
0
14536
0
58471
0
2029
0
0
2171
0
0
0

Anonymous
Anonymous
Anonymous
Anonymous

0
0
0
0
************************************************************************
***    "Solo"
************************************************************************
ADD these members to the sheet
7230930
6383319
4367378
-1
1355173
3204780
2289901
869222
41125
482912
1194369
47092
188576
816440
690445
1366285
743811
356478
226346
301672
1208645
14555
191428
295200
-1
197779
92931
1114999
391445
463492
283385
391032
893569
102505
28217
2796991
710731
329233
1876160
373284
385164
405194
159778
75862
794437
2156807
18163
173496
135262
309815
119148
145844
-1
19667
60996
35055
849324
60906
63424
221760
724622
458530
-1
12167
136304
65431
127692
207880
149701
15256
12190
16507
30088
-1
168202
14037
251117
49243
18361
23568
56271
81420
83905
-1
895348
32836
558235
207253
167984
160090
1501423
98315
80544
226136
83080
48864
48932
53287
40042
795833
1243768
972391
28651
180314
58471
132175
61471
10844
32024
227474
154262
101321
41619
40264
259711
41211
77085
50306
73685
28745
67084
68038
31678
19697
49417
10465
22148
30304
650236
50428
56406
31793
53853
27793
57375
5187077
19079
13330
-1
643266
44927
49782
88189
17221
26937
31858
12519
66403
161017
111426
19690
22622
18036
424035
53053
53928
20490
32984
-1
19458
40998
235632
13840
21686
12890
19428
23482
27006
12778
17968
112703
27880
18230
14536
17719
38632
58384
22781
19254
12003
11270
23025
49876
11284
15132
31006
14511
224664
31642
12160
11037
17769
16590
11801
17443
12489
35156
14631
10200
29653
14413
12056
89306
27197
21943
18356
10520
10653
11666
11076
28282
15317
14792
22937
29137
12585
12159
10783
11138
10199
19167
18538
10167
14997

MA
SB
MS
MS
DV
Anonymous
TK
VM
FGH
MA

68403
44695
44276
32519
30673
26207
18535
16487
11938
11699
results end here -------------------------------------------------------
