results start here -------------------------------------------------------
18594152
11181050
5886734
3264003
2658021
778905
804971
0
0
0
0

113
42
17
25
13
21
0
0
0
0

85
31
13
17
12
10
0
0
0
0

49
22
8
12
9
3
0
0
0
0

1
2
3
4
6
5
0
0
0
0
PROCESSING SQUADS DONE
************************************************************************
***    "Team CloudBot"
************************************************************************
ADD these members to the sheet
1910757
1317739
804594
160152
275761
277905
270918
123707
120062
826196
205580
113734
80605
307201
-1
27401
197768
-1
54931
12282
19462
38867
38264
12087
43914
8963
5120
11161
450
34843
14995
7585
10184
28339
232
25718
2674
361
5770
0
480
0
132
0
9718
2449
2307
0
0
1824
0
0
0
0
507
0
703
6374
0
0
0
795
3348
68
0
0
0
23568
0
0
55412
13670
5865
243
58940
1065037
0
783118
259399
75862
1216
0
5711
0
2096
-1
1295
12190
29548
10826
2113
0
0
819500
28651
879
13549
2608
38001
18
89111
258901
30886
713
0
0
7496
3511
8
0
0
-1
37420
1904
16270
488

Anonymous

0
************************************************************************
***    "All for Nash"
************************************************************************
ADD these members to the sheet
2818565
234777
263519
103448
843749
23535
82425
25097
25231
1129
414
0
12
0
47160
0
141848
85001
53767
16845
0
1580
116335
0
629810
108712
0
29968
20757
8410
-1
44
11212
0
295
149446
42947
297
0
382
0
0

Anonymous

0
************************************************************************
***    "The Trading Club"
************************************************************************
ADD these members to the sheet
2640168
50450
340113
23150
59022
15413
0
865
0
0
54538
68014
345
0
7562
4292
68


************************************************************************
***    "Team Fabibi"
************************************************************************
ADD these members to the sheet
-1
186332
43677
22933
18163
59591
90040
27364
38978
9811
6844
9197
1216
27246
0
118126
0
0
0
192
19277
0
0
0
-1
1979026
0


************************************************************************
***    "The Nashians "
************************************************************************
ADD these members to the sheet
40641
14015
109798
105383
51885
15045
60391
0
13169
2801
-1
68
363594
2111


************************************************************************
***    "Gunbot Team"
************************************************************************
ADD these members to the sheet
700050
2846
936
94
207
66671
0
0
3494
0
5215
0
24225
0
1230
0
0
0
0

Anonymous
Anonymous

0
0
************************************************************************
***    "Solo"
************************************************************************
ADD these members to the sheet
PEVD
2818565
2640168
1910757
-1
1067766
1317739
804594
783118
40641
160152
275761
30048
141848
234777
263519
363594
277905
270918
98194
186332
253580
14015
103448
123707
109798
120062
43677
826196
108712
205580
113734
149446
341867
80605
28193
1065037
700050
52865
843749
85001
197768
259399
58940
75862
307201
629810
14995
105383
90040
89111
59591
68014
29548
18163
38001
33532
258901
38978
60391
85300
340113
118126
-1
12167
50450
23535
47160
82425
51885
15256
12190
15045
29968
-1
160541
14037
66699
13670
15413
23568
27364
34843
25718
-1
54931
20757
36793
66671
38867
12216
819500
23080
25642
42947
53767
17010
25097
23150
23375
59022
54538
531398
28651
116335
24225
22933
19462
10826
30886
38264
23111
23629
22442
40264
45906
25231
43914
26225
20089
28745
28339
19277
14775
17820
13549
10465
12282
22232
83810
27024
27401
16845
13240
11161
12087
1979026
13297
11212
-1
55412
37420
16270
11245
10348
10184

DV
TK

27246
13169
results end here -------------------------------------------------------
