results start here -------------------------------------------------------
71622955
40620906
28786591
13555210
8159089
3629526
1115333
0
0
0
0

138
63
20
28
14
25
0
0
0
0

107
52
17
24
14
12
0
0
0
0

80
39
11
18
12
4
0
0
0
0

1
2
3
4
5
6
0
0
0
0
PROCESSING SQUADS DONE
************************************************************************
***    "Team CloudBot"
************************************************************************
ADD these members to the sheet
6730864
4841873
2433597
779794
1809428
1301489
357577
295200
367625
1148427
724229
341110
102505
1488310
-1
56406
385164
-1
1321516
25297
114024
264845
449275
83124
204370
28975
25311
27974
603
136042
19444
26736
46423
195798
2002
111687
10077
361
220748
0
50835
0
1645
0
47219
18675
26855
1403
4552
1866
0
0
0
0
15805
0
703
12890
36
0
0
8685
9508
68
208
0
1521
32094
0
0
1478518
49243
43210
243
159778
3025381
0
869222
533982
75862
70133
0
11587
0
2096
-1
2776
12190
-1
10844
10180
0
0
1501423
28651
879
124986
3367
63089
18
545741
916109
32024
1368
0
0
11239
91963
8
0
0
-1
44927
29529
73786
18112
0
0
341461
5215
0
0
161384
47092
367169
0
56283
35055
1578017
11003
4203
7106
1165408
116367
108502
22212
0
3192
0
0
29653

SB
Anonymous

6269
0
************************************************************************
***    "All for Nash"
************************************************************************
ADD these members to the sheet
11798954
1123670
1058711
191428
2214783
76968
268345
53670
41211
2644
1390
0
152
0
137365
0
188576
709961
107918
39359
0
7409
578651
0
2769747
693174
635
30127
33136
21265
-1
238
13330
0
571
596131
311033
20751
0
7688
0
0
855705
30036
32984
12489
546
-1
127504
24056
112703
1096
11076
1628810
1408178
1287966
83305
2215
0
24843
14881
10467
9251
9462

Anonymous

0
************************************************************************
***    "The Trading Club"
************************************************************************
ADD these members to the sheet
9358557
238677
929395
56346
1481749
19646
0
3834
0
0
1247807
146083
10034
3299
7562
17897
791
31678
1485
360


************************************************************************
***    "Team Fabibi"
************************************************************************
ADD these members to the sheet
-1
301770
108200
135213
19979
132016
141650
74614
74664
18229
19246
20733
4204
33885
0
581485
164
1854
3350
12665
68038
0
12
2329
-1
6300577
0
0
50591
53608


************************************************************************
***    "The Nashians "
************************************************************************
ADD these members to the sheet
48818
16269
-1
173549
237143
16538
66624
1755
19340
10498
-1
68
2450337
11742
66053
510786


************************************************************************
***    "Gunbot Team"
************************************************************************
ADD these members to the sheet
712486
9319
3149
1297
8973
278275
0
0
8642
3856
16558
0
68573
0
2029
0
0
2171
0
0
0

Anonymous
Anonymous
Anonymous
Anonymous

0
0
0
0
************************************************************************
***    "Solo"
************************************************************************
ADD these members to the sheet
11798954
9358557
6730864
-1
1628810
4841873
2433597
869222
48818
779794
1809428
119743
188576
1123670
1058711
2450337
1301489
357577
365807
301770
1578017
16269
191428
295200
-1
367625
108200
1148427
693174
724229
341110
596131
1408178
102505
28477
3025381
712486
2318852
2214783
709961
385164
533982
159778
75862
1488310
2769747
19444
173549
141650
545741
132016
146083
-1
19979
63089
35055
916109
74664
66624
367169
929395
581485
-1
12167
238677
76968
137365
268345
237143
15256
12190
16538
30127
-1
168202
15560
481237
49243
19646
32094
74614
136042
111687
-1
1321516
33136
855705
278275
264845
189491
1501423
98315
139962
311033
107918
118714
53670
56346
44681
1481749
1247807
1052707
28651
578651
68573
135213
114024
10844
32024
449275
198549
127504
50591
40264
1287966
41211
204370
66400
116367
70352
195798
68038
31678
19697
124986
11326
25297
58123
1165408
53608
56406
39359
53853
27974
83124
6300577
30036
13330
-1
1478518
44927
73786
88189
17246
46423
47219
13042
265657
161384
220748
26736
28975
18229
510786
82843
66053
20733
32984
-1
39070
54862
341461
13840
21686
12890
19428
29529
27006
12778
20807
112703
27880
18783
16558
19246
121790
70133
27545
29861
12003
21265
50835
108502
14914
24843
56283
22212
224664
161456
19979
22231
25311
40936
16718
29858
12489
104122
15805
16512
29653
24056
16806
102271
27471
26427
126636
11003
11424
15840
11076
123251
34128
19753
26855
118455
12665
12159
14881
18675
10467
91963
31067
12576
138252
10180
70752
33754
11743
14206
24488
26754
11037
186469
40883
72176
144636
25610
16881
23788
277699
11587
17897
14026
20751
22402
15089
65567
12632
11699
11239
32593
10077
11742
13546
18112
10547
15960
11278
10954
10034
12932
10498
23130
12188
46710
15667
14341
10639

MS
PA
MA
SB
MS
DV
GB
Anonymous
FGH
VM
TK
MA
MB

259155
107607
83305
47092
43210
33885
31001
26377
23879
19458
19340
14709
11327
results end here -------------------------------------------------------
