results start here -------------------------------------------------------
19514577
11757277
6394764
3384256
2864479
802065
818505
0
0
0
0

115
44
17
25
14
23
0
0
0
0

85
34
13
17
12
10
0
0
0
0

50
24
8
12
9
3
0
0
0
0

1
2
3
4
6
5
0
0
0
0
PROCESSING SQUADS DONE
************************************************************************
***    "Team CloudBot"
************************************************************************
ADD these members to the sheet
1987578
1436349
881122
180438
278310
289775
271378
127098
120350
832240
209100
121303
80605
310459
-1
27401
213007
-1
57845
13357
21354
40111
44835
12724
44670
9296
5386
11660
450
36121
14995
8900
11113
33705
232
25718
2674
361
8293
0
799
0
132
0
10988
2449
3093
0
0
1824
0
0
0
0
588
0
703
6374
0
0
0
795
3348
68
0
0
0
23568
0
0
73172
14723
5865
243
59341
1109309
0
837898
268116
75862
1216
0
5711
0
2096
-1
1295
12190
29548
10826
2113
0
0
868643
28651
879
14520
3367
39146
18
90665
258901
30886
713
0
0
7496
4093
8
0
0
-1
44695
4640
24862
488
0
0

Anonymous

0
************************************************************************
***    "All for Nash"
************************************************************************
ADD these members to the sheet
2955884
250665
265469
106080
881141
25419
94883
25701
26006
1129
414
0
12
0
48374
0
144470
85441
53767
17115
0
1580
117586
0
807231
115079
255
29968
20757
9032
-1
82
11212
0
295
159455
50545
297
0
382
0
0
75724
13297

Anonymous

0
************************************************************************
***    "The Trading Club"
************************************************************************
ADD these members to the sheet
2738932
54486
345165
25060
66950
15413
0
865
0
0
57099
68014
345
0
7562
4292
68


************************************************************************
***    "Team Fabibi"
************************************************************************
ADD these members to the sheet
-1
198489
43677
22933
18163
63099
91733
29077
38978
9851
6844
9365
1227
27246
0
118126
0
0
0
192
20441
0
0
0
-1
2165031
0


************************************************************************
***    "The Nashians "
************************************************************************
ADD these members to the sheet
40641
14015
113196
109688
53799
15045
60391
0
13865
2801
-1
68
376213
2338
0


************************************************************************
***    "Gunbot Team"
************************************************************************
ADD these members to the sheet
700296
2846
1265
94
207
76242
0
0
3494
0
5215
0
27613
0
1230
0
0
0
0

Anonymous
Anonymous
Anonymous
Anonymous

0
0
0
0
************************************************************************
***    "Solo"
************************************************************************
ADD these members to the sheet
2955884
2738932
1987578
-1
1116397
1436349
881122
837898
40641
180438
278310
30048
144470
250665
265469
376213
289775
271378
98194
198489
262308
14015
106080
127098
113196
120350
43677
832240
115079
209100
121303
159455
356340
80605
28193
1109309
700296
52865
881141
85441
213007
268116
59341
75862
310459
807231
14995
109688
91733
90665
63099
68014
29548
18163
39146
33532
258901
38978
60391
86713
345165
118126
-1
12167
54486
25419
48374
94883
53799
15256
12190
15045
29968
-1
160541
14037
71522
14723
15413
23568
29077
36121
25718
-1
57845
20757
75724
76242
40111
12216
868643
23080
25642
50545
53767
17010
25701
25060
23375
66950
57099
618635
28651
117586
27613
22933
21354
10826
30886
44835
23111
27362
23259
40264
47744
26006
44670
26225
21319
28745
33705
20441
14775
19697
14520
10465
13357
22232
91339
27448
27401
17115
13240
11660
12724
2165031
13297
11212
-1
73172
44695
24862
12680
10348
11113
10988
10702

DV
TK

27246
13865
results end here -------------------------------------------------------
