results start here -------------------------------------------------------
37848883
23908985
15334476
7832496
6029576
1732945
967071
0
0
0
0

138
63
20
28
14
25
0
0
0
0

103
52
16
22
14
11
0
0
0
0

71
34
9
17
10
4
0
0
0
0

1
2
3
4
5
6
0
0
0
0
PROCESSING SQUADS DONE
************************************************************************
***    "Team CloudBot"
************************************************************************
ADD these members to the sheet
3527727
2569023
1999423
392278
760611
525877
344165
295200
177929
1114999
392167
245772
102505
641361
-1
56084
385164
-1
523899
18907
47365
122171
169167
47841
73421
19008
12855
27793
603
64829
17106
17751
23417
66865
409
71454
4794
361
72737
0
20322
0
245
0
25839
6356
6597
0
4552
1866
0
0
0
0
11139
0
703
12890
0
0
0
8685
3367
68
200
0
0
23568
0
0
425316
49243
25475
243
134049
1959346
0
869222
399568
75862
56129
0
8416
0
2096
-1
1295
12190
-1
10826
6540
0
0
1501423
28651
879
26366
3367
60996
18
244221
727846
32024
960
0
0
9474
6343
8
0
0
-1
44927
17121
40911
693
0
0
173427
2779
0
0
159601
47092
186939
0
23236
35055
788553
9882
0
6594
495631
53931
36032
11448
0
1618
0
0
29548

SB
Anonymous

6091
0
************************************************************************
***    "All for Nash"
************************************************************************
ADD these members to the sheet
5693644
693154
568774
181721
1692545
58880
168866
42483
41211
1129
1390
0
12
0
120441
0
188576
137562
69939
24640
0
5878
175634
0
1729217
261120
255
29968
32836
10108
-1
238
12884
0
571
332239
157186
599
0
382
0
0
378667
19079
32984
12489
73
-1
74068
9763
112703
1096
8227
1348906
699254
93134
69817
2215
0
11823
9001
7547
5229
4297

Anonymous

0
************************************************************************
***    "The Trading Club"
************************************************************************
ADD these members to the sheet
5270115
115413
602095
49607
510004
17462
0
3664
0
0
1100280
116975
741
110
7562
7232
673
29834
721
0


************************************************************************
***    "Team Fabibi"
************************************************************************
ADD these members to the sheet
-1
301486
72826
132175
19643
110699
126473
56271
58464
17434
14457
20008
1928
28533
0
304491
0
137
3350
192
60862
0
0
26
-1
4608399
0
0
41284
50428


************************************************************************
***    "The Nashians "
************************************************************************
ADD these members to the sheet
41125
14387
-1
170950
121497
16476
63419
253
18535
5290
-1
68
916209
6045
42596
316089


************************************************************************
***    "Gunbot Team"
************************************************************************
ADD these members to the sheet
709707
8195
3143
1297
2345
162860
0
0
4999
0
14536
0
55784
0
2029
0
0
2171
0
0
0

Anonymous
Anonymous
Anonymous
Anonymous

0
0
0
0
************************************************************************
***    "Solo"
************************************************************************
ADD these members to the sheet
5693644
5270115
3527727
-1
1348906
2569023
1999423
869222
41125
392278
760611
47092
188576
693154
568774
916209
525877
344165
145388
301486
788553
14387
181721
295200
-1
177929
72826
1114999
261120
392167
245772
332239
699254
102505
28217
1959346
709707
52865
1692545
137562
385164
399568
134049
75862
641361
1729217
17106
170950
126473
244221
110699
116975
-1
19643
60996
35055
727846
58464
63419
186939
602095
304491
-1
12167
115413
58880
120441
168866
121497
15256
12190
16476
29968
-1
168202
14037
183895
49243
17462
23568
56271
64829
71454
-1
523899
32836
378667
162860
122171
95632
1501423
93446
69817
157186
69939
36556
42483
49607
40042
510004
1100280
972391
28651
175634
55784
132175
47365
10826
32024
169167
133413
74068
41284
40264
93134
41211
73421
45572
53931
28745
66865
60862
29834
19697
26366
10465
18907
22232
495631
50428
56084
24640
53853
27793
47841
4608399
19079
12884
-1
425316
44927
40911
40729
16171
23417
25839
12519
30406
159601
72737
17751
19008
17434
316089
26207
42596
20008
32984
439319
19458
19926
173427
13840
21686
12890
18111
17121
27006
12778
15085
112703
15895
17291
14536
14457
23448
56129
16447
19254
12003
10108
20322
36032
11284
11823
23236
11448
224664
31642
12160
11037
12855
10602
10069
11512
12489
12355
11139
10200
29548

SB
DV
MS
TK
FGH
MA

44695
28533
25475
18535
11938
10389
results end here -------------------------------------------------------
