results start here -------------------------------------------------------
20700484
12425000
6907327
3610829
3090367
849138
832907
0
0
0
0

119
45
17
25
14
23
0
0
0
0

87
35
13
18
13
10
0
0
0
0

51
24
8
12
9
3
0
0
0
0

1
2
3
4
5
6
0
0
0
0
PROCESSING SQUADS DONE
************************************************************************
***    "Team CloudBot"
************************************************************************
ADD these members to the sheet
gme only go up
Jammy
OTS
MK
2102982
1528987
938211
199647
280349
301120
277711
150038
120350
843967
212971
123888
80605
319626
-1
29131
234677
-1
61673
14225
22299
41096
54040
13668
45786
9988
5717
11672
450
38112
14995
9853
11528
36522
232
25718
3060
361
10815
0
839
0
132
0
11138
2449
3093
0
0
1824
0
0
0
0
675
0
703
6374
0
0
0
795
3348
68
0
0
0
23568
0
0
98730
19460
5865
243
60978
1231779
0
865980
278926
75862
3211
0
5711
0
2096
-1
1295
12190
29548
10826
2113
0
0
924765
28651
879
15043
3367
40091
18
93568
258901
31180
713
0
0
7496
4093
8
0
0
-1
44695
5734
28198
488
0
0
1042
139
0
0

Anonymous

0
************************************************************************
***    "All for Nash"
************************************************************************
ADD these members to the sheet
PB2
3243471
267662
290093
115325
916914
28716
96332
26259
27159
1129
414
0
12
0
50392
0
146360
87722
53767
17181
0
1580
122465
0
903013
119188
255
29968
20757
9289
-1
93
11212
0
295
170261
54471
297
0
382
0
0
76573
13297
5005

Anonymous

0
************************************************************************
***    "The Trading Club"
************************************************************************
ADD these members to the sheet
2916607
59578
349241
26162
85408
15413
0
865
0
0
71269
74014
345
0
7562
4292
68


************************************************************************
***    "Team Fabibi"
************************************************************************
ADD these members to the sheet
-1
205751
43746
22933
18452
69203
96348
30082
38978
9872
7355
9762
1234
27246
0
118126
0
0
169
192
21107
0
0
0
-1
2369805
0


************************************************************************
***    "The Nashians "
************************************************************************
ADD these members to the sheet
40641
14015
115950
113358
57310
15045
60391
0
16606
2801
-1
68
409752
2398
797


************************************************************************
***    "Gunbot Team"
************************************************************************
ADD these members to the sheet
700974
3225
1716
94
207
84368
0
0
3508
0
5864
0
31717
0
1230
0
0
0
0

Anonymous
Anonymous
Anonymous
Anonymous

0
0
0
0
************************************************************************
***    "Solo"
************************************************************************
ADD these members to the sheet
AJCT
NLSS
MM
3243471
2916607
2102982
-1
1137292
1528987
938211
865980
40641
199647
280349
30048
146360
267662
290093
409752
301120
277711
104126
205751
277456
14015
115325
150038
115950
120350
43746
843967
119188
212971
123888
170261
382146
80605
28193
1231779
700974
52865
916914
87722
234677
278926
60978
75862
319626
903013
14995
113358
96348
93568
69203
74014
29548
18452
40091
33532
258901
38978
60391
89739
349241
118126
-1
12167
59578
28716
50392
96332
57310
15256
12190
15045
29968
-1
160541
14037
75631
19460
15413
23568
30082
38112
25718
-1
61673
20757
76573
84368
41096
12216
924765
23080
30115
54471
53767
17010
26259
26162
23375
85408
71269
792863
28651
122465
31717
22933
22299
10826
31180
54040
26953
29180
29928
40264
50402
27159
45786
26225
22572
28745
36522
21107
14775
19697
15043
10465
14225
22232
95320
27448
29131
17181
13240
11672
13668
2369805
13297
11212
-1
98730
44695
28198
12928
10348
11528
11138
11986
24819
11165
10815

DV
TK

27246
16606
results end here -------------------------------------------------------
