results start here -------------------------------------------------------
38364739
24303916
15473795
7968818
6099724
1756474
968595
0
0
0
0

138
63
20
28
14
25
0
0
0
0

103
52
16
22
14
11
0
0
0
0

71
35
9
17
10
4
0
0
0
0

1
2
3
4
5
6
0
0
0
0
PROCESSING SQUADS DONE
************************************************************************
***    "Team CloudBot"
************************************************************************
ADD these members to the sheet
3585138
2614507
1999423
399265
797272
538330
344264
295200
180275
1114999
402391
250419
102505
650613
-1
56084
385164
-1
589657
18907
48762
125394
173866
49034
74058
20134
13078
27793
603
66505
17106
17950
23520
66865
409
72249
5259
361
78037
0
20441
0
1258
0
26962
6514
7560
0
4552
1866
0
0
0
0
11427
0
703
12890
0
0
0
8685
3367
68
200
0
0
23568
0
0
440233
49243
26559
243
137843
1964812
0
869222
405111
75862
58271
0
8597
0
2096
-1
1295
12190
-1
10826
6954
0
0
1501423
28651
879
26665
3367
60996
18
249648
746995
32024
960
0
0
9474
6343
8
0
0
-1
44927
19316
40911
693
0
0
178475
2779
0
0
159601
47092
192815
0
23236
35055
814455
9882
0
6860
508448
56425
39322
12298
0
3192
0
0
29548

SB
Anonymous

6269
0
************************************************************************
***    "All for Nash"
************************************************************************
ADD these members to the sheet
5698910
701738
577498
184872
1720643
60364
171656
42869
41211
1129
1390
0
12
0
121113
0
188576
137562
73383
24780
0
5878
177018
0
1755907
267051
255
29968
32836
10108
-1
238
12884
0
571
339434
163823
599
0
382
0
0
378667
19079
32984
12489
73
-1
77149
10542
112703
1096
8227
1348906
712338
99541
73286
2215
0
12413
9331
7547
5777
4751

Anonymous

0
************************************************************************
***    "The Trading Club"
************************************************************************
ADD these members to the sheet
5341918
116969
609419
50234
535891
17462
0
3664
0
0
1128804
116975
741
110
7562
7232
673
30435
721
0


************************************************************************
***    "Team Fabibi"
************************************************************************
ADD these members to the sheet
-1
301579
72826
132175
19643
112539
127171
56271
58464
17434
15246
20008
2200
29736
0
355923
0
137
3350
192
60862
0
0
26
-1
4622221
0
0
41284
50428


************************************************************************
***    "The Nashians "
************************************************************************
ADD these members to the sheet
41125
14387
-1
171949
123095
16476
63419
253
18535
5362
-1
68
925061
6260
42596
327882


************************************************************************
***    "Gunbot Team"
************************************************************************
ADD these members to the sheet
709926
8219
3149
1297
2369
163858
0
0
4999
0
14536
0
56036
0
2029
0
0
2171
0
0
0

Anonymous
Anonymous
Anonymous
Anonymous

0
0
0
0
************************************************************************
***    "Solo"
************************************************************************
ADD these members to the sheet
5698910
5341918
3585138
-1
1348906
2614507
1999423
869222
41125
399265
797272
47092
188576
701738
577498
925061
538330
344264
146311
301579
814455
14387
184872
295200
-1
180275
72826
1114999
267051
402391
250419
339434
712338
102505
28217
1964812
709926
52865
1720643
137562
385164
405111
137843
75862
650613
1755907
17106
171949
127171
249648
112539
116975
-1
19643
60996
35055
746995
58464
63419
192815
609419
355923
-1
12167
116969
60364
121113
171656
123095
15256
12190
16476
29968
-1
168202
14037
189906
49243
17462
23568
56271
66505
72249
-1
589657
32836
378667
163858
125394
101469
1501423
93446
73286
163823
73383
36556
42869
50234
40042
535891
1128804
972391
28651
177018
56036
132175
48762
10826
32024
173866
154104
77149
41284
40264
99541
41211
74058
45572
56425
28745
66865
60862
30435
19697
26665
10465
18907
22232
508448
50428
56084
24780
53853
27793
49034
4622221
19079
12884
-1
440233
44927
40911
42729
16644
23520
26962
12519
66403
159601
78037
17950
20134
17434
327882
32936
42596
20008
32984
439319
19458
19926
178475
13840
21686
12890
19428
19316
27006
12778
15085
112703
15895
17291
14536
15246
28176
58271
16447
19254
12003
10108
20441
39322
11284
12413
23236
12298
224664
31642
12160
11037
13078
10602
10069
11512
12489
12365
11427
10200
29548
10542

SB
DV
MS
TK
FGH
MA

44695
29736
26559
18535
11938
10389
results end here -------------------------------------------------------
