results start here -------------------------------------------------------
62432162
36254448
24898785
12323312
8125704
3191396
1096491
0
0
0
0

138
63
20
28
14
25
0
0
0
0

106
52
17
24
14
12
0
0
0
0

79
39
10
18
10
4
0
0
0
0

1
2
3
4
5
6
0
0
0
0
PROCESSING SQUADS DONE
************************************************************************
***    "Team CloudBot"
************************************************************************
ADD these members to the sheet
5742719
4072830
2433597
649694
1747179
1026466
357577
295200
267974
1134002
586582
327095
102505
1115272
-1
56406
385164
-1
1305840
22680
91136
223829
340456
80228
198159
28975
23333
27793
603
109745
19444
26636
35283
183891
1164
108088
10062
361
186530
0
31253
0
1645
0
46635
18675
25814
1403
4552
1866
0
0
0
0
15805
0
703
12890
36
0
0
8685
3890
68
200
0
0
32094
0
0
1081237
49243
41317
243
159778
2941250
0
869222
470314
75862
66161
0
11587
0
2096
-1
1295
12190
-1
10844
10180
0
0
1501423
28651
879
80234
3367
61900
18
428127
916109
32024
960
0
0
10830
83706
8
0
0
-1
44927
29137
69680
6999
0
0
292571
4035
0
0
161384
47092
296557
0
55087
35055
1424582
10520
3723
7106
1019336
111752
92474
21502
0
3192
0
0
29653

SB
Anonymous

6269
0
************************************************************************
***    "All for Nash"
************************************************************************
ADD these members to the sheet
9541227
1052304
966307
191428
2058427
70550
249674
52772
41211
2644
1390
0
12
0
135705
0
188576
571278
104304
38571
0
7398
219113
0
2746741
606378
436
30127
32836
19082
-1
238
13330
0
571
501053
308007
13376
0
428
0
0
799990
29984
32984
12489
546
-1
127504
19962
112703
1096
11076
1442553
1199433
1191909
82572
2215
0
22288
14783
10467
9251
9462

Anonymous

0
************************************************************************
***    "The Trading Club"
************************************************************************
ADD these members to the sheet
8390742
178602
861139
56346
1350979
19646
0
3834
0
0
1246262
145844
8052
2203
7562
17897
791
31678
1366
360


************************************************************************
***    "Team Fabibi"
************************************************************************
ADD these members to the sheet
-1
301770
93665
135213
19732
131820
139216
68781
74335
18064
19097
20733
4123
33680
0
581485
164
137
3350
12633
68038
0
12
44
-1
6300577
0
0
45522
53501


************************************************************************
***    "The Nashians "
************************************************************************
ADD these members to the sheet
41125
15129
-1
173549
235711
16538
66624
752
19340
8899
-1
68
2063187
9980
66053
474434


************************************************************************
***    "Gunbot Team"
************************************************************************
ADD these members to the sheet
712486
9319
3149
1297
8854
263267
0
0
8112
1832
16558
0
67411
0
2029
0
0
2171
0
0
0

Anonymous
Anonymous
Anonymous
Anonymous

0
0
0
0
************************************************************************
***    "Solo"
************************************************************************
ADD these members to the sheet
9541227
8390742
5742719
-1
1442553
4072830
2433597
869222
41125
649694
1747179
101363
188576
1052304
966307
2063187
1026466
357577
365575
301770
1424582
15129
191428
295200
-1
267974
93665
1134002
606378
586582
327095
501053
1199433
102505
28477
2941250
712486
1671902
2058427
571278
385164
470314
159778
75862
1115272
2746741
19444
173549
139216
428127
131820
145844
-1
19732
61900
35055
916109
74335
66624
296557
861139
581485
-1
12167
178602
70550
135705
249674
235711
15256
12190
16538
30127
-1
168202
14133
396329
49243
19646
32094
68781
109745
108088
-1
1305840
32836
799990
263267
223829
179188
1501423
98315
139962
308007
104304
101891
52772
56346
42356
1350979
1246262
972391
28651
219113
67411
135213
91136
10844
32024
340456
198549
127504
45522
40264
1191909
41211
198159
66400
111752
30581
183891
68038
31678
19697
80234
11326
22680
30304
1019336
53501
56406
38571
53853
27793
80228
6300577
29984
13330
-1
1081237
44927
69680
88189
17246
35283
46635
13042
265657
161384
186530
26636
28975
18064
474434
82125
66053
20733
32984
-1
39070
54339
292571
13840
21686
12890
19428
29137
27006
12778
20807
112703
27880
18783
16558
19097
121790
66161
27545
23528
12003
19082
31253
92474
13983
22288
55087
21502
224664
161247
19946
11037
23333
16590
16718
23649
12489
87634
15805
13290
29653
19962
13917
102271
27197
26427
27790
10520
11424
15840
11076
123251
26708
19753
25814
118445
12633
12159
14783
18675
10467
83706
30969
12576
138252
10180
31001
24008
10199
14206
24488
26754
10096
186469
40883
72176
144636
14114
16881
18202
277699
11587
17897
14026
13376
22402
15089
20349
12632
11118
10830
32593
10062

MS
PA
MA
SB
MS
DV
Anonymous
FGH
VM
TK
MA

234848
107412
82572
47092
41317
33680
26377
23879
19458
19340
14709
results end here -------------------------------------------------------
