results start here -------------------------------------------------------
39378396
24703670
15744156
8120609
6170438
1805059
978854
0
0
0
0

138
63
20
28
14
25
0
0
0
0

103
52
16
22
14
11
0
0
0
0

72
35
9
17
10
4
0
0
0
0

1
2
3
4
5
6
0
0
0
0
PROCESSING SQUADS DONE
************************************************************************
***    "Team CloudBot"
************************************************************************
ADD these members to the sheet
3668652
2680351
2000439
416510
826357
565280
344677
295200
181713
1114999
405978
262434
102505
659234
-1
56084
385164
-1
592298
18907
49111
131013
178806
49399
74248
20532
13266
27793
603
69580
17106
18028
23520
67084
409
72249
5287
361
80465
0
20591
0
1258
0
27112
6935
8052
0
4552
1866
0
0
0
0
12252
0
703
12890
0
0
0
8685
3367
68
200
0
0
23568
0
0
461891
49243
28138
243
145225
1969829
0
869222
405111
75862
58271
0
8597
0
2096
-1
1295
12190
-1
10826
7014
0
0
1501423
28651
879
29884
3367
60996
18
253078
764432
32024
960
0
0
9474
6343
8
0
0
-1
44927
19316
41752
693
0
0
193463
2779
0
0
159601
47092
193435
0
23236
35055
841539
10520
0
7106
527581
58754
40811
12622
0
3192
0
0
29548

SB
Anonymous

6269
0
************************************************************************
***    "All for Nash"
************************************************************************
ADD these members to the sheet
5717599
718854
594880
184872
1769146
61087
177435
42869
41211
1129
1390
0
12
0
124377
0
188576
137562
80886
25680
0
5878
177740
0
1830788
278242
436
29968
32836
10108
-1
238
12884
0
571
347080
173354
599
0
382
0
0
404823
19079
32984
12489
73
-1
79806
11007
112703
1096
8227
1349070
724790
101128
74796
2215
0
12707
9495
8080
5971
4924

Anonymous

0
************************************************************************
***    "The Trading Club"
************************************************************************
ADD these members to the sheet
5394441
120144
618657
50368
592340
17462
0
3664
0
0
1157832
116975
1142
110
7562
7232
673
30744
1256
0


************************************************************************
***    "Team Fabibi"
************************************************************************
ADD these members to the sheet
-1
301579
77635
132175
19643
114363
127769
56271
58464
17434
15246
20008
2355
29736
0
356053
0
137
3350
255
67142
0
0
26
-1
4679074
0
0
41284
50428


************************************************************************
***    "The Nashians "
************************************************************************
ADD these members to the sheet
41125
14387
-1
171949
123932
16476
63419
253
18535
5517
-1
68
958089
6488
42596
342219


************************************************************************
***    "Gunbot Team"
************************************************************************
ADD these members to the sheet
710555
9319
3149
1297
2393
172211
0
0
4999
0
14536
0
56189
0
2029
0
0
2171
0
0
0

Anonymous
Anonymous
Anonymous
Anonymous

0
0
0
0
************************************************************************
***    "Solo"
************************************************************************
ADD these members to the sheet
5717599
5394441
3668652
-1
1349070
2680351
2000439
869222
41125
416510
826357
47092
188576
718854
594880
958089
565280
344677
159924
301579
841539
14387
184872
295200
-1
181713
77635
1114999
278242
405978
262434
347080
724790
102505
28217
1969829
710555
52865
1769146
137562
385164
405111
145225
75862
659234
1830788
17106
171949
127769
253078
114363
116975
-1
19643
60996
35055
764432
58464
63419
193435
618657
356053
-1
12167
120144
61087
124377
177435
123932
15256
12190
16476
29968
-1
168202
14037
195313
49243
17462
23568
56271
69580
72249
-1
592298
32836
404823
172211
131013
105837
1501423
93446
74796
173354
80886
40784
42869
50368
40042
592340
1157832
972391
28651
177740
56189
132175
49111
10826
32024
178806
154104
79806
41284
40264
101128
41211
74248
45572
58754
28745
67084
67142
30744
19697
29884
10465
18907
22232
527581
50428
56084
25680
53853
27793
49399
4679074
19079
12884
-1
461891
44927
41752
49725
16644
23520
27112
12519
66403
159601
80465
18028
20532
17434
342219
46044
42596
20008
32984
-1
19458
19926
193463
13840
21686
12890
19428
19316
27006
12778
15085
112703
15895
17291
14536
15246
32716
58271
16447
19254
12003
10108
20591
40811
11284
12707
23236
12622
224664
31642
12160
11037
13266
12601
11801
11512
12489
12365
12252
10200
29548
11007
11839
24050
21376
21065
13063
10520

MA
SB
DV
MS
TK
FGH
MA

68403
44695
29736
28138
18535
11938
10389
results end here -------------------------------------------------------
