results start here -------------------------------------------------------
61500331
35772074
24544532
12123699
8116220
3167614
1093637
0
0
0
0

138
63
20
28
14
25
0
0
0
0

106
52
17
24
14
12
0
0
0
0

78
39
10
18
10
4
0
0
0
0

1
2
3
4
5
6
0
0
0
0
PROCESSING SQUADS DONE
************************************************************************
***    "Team CloudBot"
************************************************************************
ADD these members to the sheet
5619104
4055122
2433597
639351
1703666
1016852
357577
295200
260424
1119487
580986
326329
102505
1081302
-1
56406
385164
-1
1303648
22148
91086
223001
335668
79784
197252
28656
23333
27793
603
108079
19444
26133
34426
183199
1164
108088
9828
361
182097
0
31253
0
1645
0
46560
18675
25814
1403
4552
1866
0
0
0
0
15805
0
703
12890
36
0
0
8685
3890
68
200
0
0
32094
0
0
1048992
49243
40659
243
159778
2833838
0
869222
463014
75862
66161
0
11398
0
2096
-1
1295
12190
-1
10844
10180
0
0
1501423
28651
879
78372
3367
61900
18
424156
913822
32024
960
0
0
10830
83560
8
0
0
-1
44927
28733
69680
4627
0
0
290876
4035
0
0
161384
47092
293761
0
55087
35055
1416264
10520
3723
7106
997921
111462
89489
21178
0
3192
0
0
29653

SB
Anonymous

6269
0
************************************************************************
***    "All for Nash"
************************************************************************
ADD these members to the sheet
9330908
1044646
954879
191428
2046267
69225
249098
52705
41211
2644
1390
0
12
0
135002
0
188576
571278
104304
37101
0
7398
216951
0
2737985
604371
436
30127
32836
19082
-1
238
13330
0
571
494837
306379
13376
0
428
0
0
768797
29984
32984
12489
546
-1
126843
19917
112703
1096
11076
1411685
1182210
1184576
82572
2215
0
21994
14619
10467
9251
9462

Anonymous

0
************************************************************************
***    "The Trading Club"
************************************************************************
ADD these members to the sheet
8251520
175652
855328
56346
1300864
19646
0
3834
0
0
1246262
145844
7057
1991
7562
17589
791
31678
1366
360


************************************************************************
***    "Team Fabibi"
************************************************************************
ADD these members to the sheet
-1
301770
92931
135213
19732
131743
137884
67894
74335
18064
19097
20733
4114
33680
0
581485
164
137
3350
12633
68038
0
12
44
-1
6298036
0
0
41619
53501


************************************************************************
***    "The Nashians "
************************************************************************
ADD these members to the sheet
41125
15129
-1
173549
234321
16538
66624
752
19340
8719
-1
68
2045166
9956
62913
473408


************************************************************************
***    "Gunbot Team"
************************************************************************
ADD these members to the sheet
712486
9319
3149
1297
8734
260534
0
0
8112
1832
16558
0
67411
0
2029
0
0
2171
0
0
0

Anonymous
Anonymous
Anonymous
Anonymous

0
0
0
0
************************************************************************
***    "Solo"
************************************************************************
ADD these members to the sheet
9330908
8251520
5619104
-1
1411685
4055122
2433597
869222
41125
639351
1703666
101363
188576
1044646
954879
2045166
1016852
357577
362343
301770
1416264
15129
191428
295200
-1
260424
92931
1119487
604371
580986
326329
494837
1182210
102505
28477
2833838
712486
1671902
2046267
571278
385164
463014
159778
75862
1081302
2737985
19444
173549
137884
424156
131743
145844
-1
19732
61900
35055
913822
74335
66624
293761
855328
581485
-1
12167
175652
69225
135002
249098
234321
15256
12190
16538
30127
-1
168202
14133
389531
49243
19646
32094
67894
108079
108088
-1
1303648
32836
768797
260534
223001
171315
1501423
98315
139962
306379
104304
101891
52705
56346
42356
1300864
1246262
972391
28651
216951
67411
135213
91086
10844
32024
335668
198549
126843
41619
40264
1184576
41211
197252
64913
111462
30581
183199
68038
31678
19697
78372
11326
22148
30304
997921
53501
56406
37101
53853
27793
79784
6298036
29984
13330
-1
1048992
44927
69680
88189
17246
34426
46560
13042
265657
161384
182097
26133
28656
18064
473408
75188
62913
20733
32984
-1
39070
54339
290876
13840
21686
12890
19428
28733
27006
12778
20807
112703
27880
18783
16558
19097
116020
66161
27545
23528
12003
19082
31253
89489
13983
21994
55087
21178
224664
161247
19946
11037
23333
16590
16718
23649
12489
87634
15805
13290
29653
19917
13917
102271
27197
26427
27790
10520
11424
15840
11076
123251
26352
19139
25814
118445
12633
12159
14619
18675
10467
83560
30969
12576
137111
10180
31001
20935
10199
14206
24488
26754
10096
184268
40883
72176
144620
14114
16881
18202
277699
11398
17589
14026
13376
22402
15089
20349
12632
11073
10830
32593

MS
PA
MA
SB
MS
DV
Anonymous
VM
TK
MA
FGH

233640
107412
82572
47092
40659
33680
26377
19458
19340
14709
11938
results end here -------------------------------------------------------
