results start here -------------------------------------------------------
30111802
18523379
12813202
5912151
4817567
1255091
908400
0
0
0
0

138
63
20
28
14
25
0
0
0
0

102
52
15
21
13
11
0
0
0
0

64
31
9
17
10
4
0
0
0
0

1
2
3
4
5
6
0
0
0
0
PROCESSING SQUADS DONE
************************************************************************
***    "Team CloudBot"
************************************************************************
ADD these members to the sheet
2965277
2006303
1363229
301409
492373
420669
309500
240714
147906
1105669
301824
181443
94822
509069
-1
56084
298858
-1
130054
17207
34695
75001
100624
30051
69918
14993
8811
27220
450
48780
17106
11986
16772
61163
232
47768
3671
361
34667
0
6004
0
132
0
13160
5558
3999
0
4552
1866
0
0
0
0
6464
0
703
12890
0
0
0
8685
3348
68
98
0
0
23568
0
0
248090
38342
14481
243
86638
1626639
0
869222
354410
75862
28534
0
7523
0
2096
-1
1295
12190
29548
10826
4832
0
0
1387966
28651
879
18899
3367
49976
18
140873
510845
32024
882
0
0
7496
6343
8
0
0
-1
44695
11756
37548
693
0
0
68901
916
0
0
115729
6091
119856
0
3019
35055
504232
8713
0
5932
267776
40149
7590
7800
0
0
0
0

SB
Anonymous

106
0
************************************************************************
***    "All for Nash"
************************************************************************
ADD these members to the sheet
5106939
533804
396184
148276
1369085
49068
129551
37901
41211
1129
414
0
12
0
84223
0
188576
123710
69939
19439
0
5878
162013
0
1292008
190413
255
29968
26579
9933
-1
93
11212
0
510
251795
109359
599
0
382
0
0
214450
13297
26305
8556
73
-1
49235
7256
56983
1096
1313
1314004
552897
86016
62869
2215
0
8214
6658
4692
3895
2694

Anonymous

0
************************************************************************
***    "The Trading Club"
************************************************************************
ADD these members to the sheet
4147345
80786
467277
45502
213472
15413
0
1705
0
0
790760
116975
345
0
7562
6741
221
17319
721
0


************************************************************************
***    "Team Fabibi"
************************************************************************
ADD these members to the sheet
-1
253528
64563
39755
19512
90155
112707
39543
44897
13959
11302
19686
1599
28002
0
255204
0
0
1828
192
46642
0
0
26
-1
3693266
0
0
39161
42030


************************************************************************
***    "The Nashians "
************************************************************************
ADD these members to the sheet
40641
14015
-1
168777
96384
15045
63419
0
16606
3579
-1
68
585650
3870
39366
207665


************************************************************************
***    "Gunbot Team"
************************************************************************
ADD these members to the sheet
707408
8150
3100
287
762
119320
0
0
4418
0
13617
0
47134
0
2029
0
0
2171
0
0
0

Anonymous
Anonymous
Anonymous
Anonymous

0
0
0
0
************************************************************************
***    "Solo"
************************************************************************
ADD these members to the sheet
5106939
4147345
2965277
-1
1314004
2006303
1363229
869222
40641
301409
492373
30048
188576
533804
396184
585650
420669
309500
114020
253528
504232
14015
148276
240714
-1
147906
64563
1105669
190413
301824
181443
251795
552897
94822
28193
1626639
707408
52865
1369085
123710
298858
354410
86638
75862
509069
1292008
17106
168777
112707
140873
90155
116975
29548
19512
49976
35055
510845
44897
63419
119856
467277
255204
-1
12167
80786
49068
84223
129551
96384
15256
12190
15045
29968
-1
168202
14037
144199
38342
15413
23568
39543
48780
47768
-1
130054
26579
214450
119320
75001
19573
1387966
48025
62869
109359
69939
21084
37901
45502
35622
213472
790760
972391
28651
162013
47134
39755
34695
10826
32024
100624
75072
49235
39161
40264
86016
41211
69918
38500
40149
28745
61163
46642
17319
19697
18899
10465
17207
22232
267776
42030
56084
19439
22221
27220
30051
3693266
13297
11212
-1
248090
44695
37548
28928
10959
16772
13160
12519
30406
115729
34667
11986
14993
13959
207665
12909
39366
19686
26305
439319
19458
16995
68901
13840
21686
12890
14590
11756
20689
12778
14919
56983
15895
14471
13617
11302
13996
28534

DV
TK
MS

28002
16606
14481
results end here -------------------------------------------------------
