results start here -------------------------------------------------------
57423999
33662151
23138477
11246885
7652756
2905405
1064477
0
0
0
0

138
63
20
28
14
25
0
0
0
0

106
52
16
23
14
12
0
0
0
0

77
38
10
18
10
4
0
0
0
0

1
2
3
4
5
6
0
0
0
0
PROCESSING SQUADS DONE
************************************************************************
***    "Team CloudBot"
************************************************************************
ADD these members to the sheet
5202311
3712601
2433597
590339
1543653
933175
356598
295200
222422
1119487
539557
309734
102505
985154
-1
56406
385164
-1
1170010
22148
79685
200567
301114
69425
194770
27050
19277
27793
603
100473
19444
23289
31091
167793
749
95427
9617
361
157033
0
25420
0
1645
0
39792
17892
24174
1403
4552
1866
0
0
0
0
15805
0
703
12890
36
0
0
8685
3890
68
200
0
0
27516
0
0
925456
49243
37940
243
159778
2833838
0
869222
435205
75862
63850
0
10090
0
2096
-1
1295
12190
-1
10844
10180
0
0
1501423
28651
879
71319
3367
61900
18
377288
896599
32024
960
0
0
9731
57879
8
0
0
-1
44927
28733
61818
4627
0
0
272437
3810
0
0
161384
47092
253532
0
42950
35055
1416264
10520
3723
7106
811883
96116
70648
18823
0
3192
0
0
29653

SB
Anonymous

6269
0
************************************************************************
***    "All for Nash"
************************************************************************
ADD these members to the sheet
8932845
1021210
863861
191428
1980442
68760
235380
52282
41211
2644
1390
0
12
0
131636
0
188576
499432
101598
35395
0
7398
203812
0
2543064
543132
436
30127
32836
15318
-1
238
13330
0
571
465027
273217
9168
0
407
0
0
675634
19206
32984
12489
89
-1
116926
18197
112703
1096
11076
1358373
1093902
1055239
81203
2215
0
19503
13493
10467
8571
8902

Anonymous

0
************************************************************************
***    "The Trading Club"
************************************************************************
ADD these members to the sheet
7668181
163629
811982
56346
1071654
19646
0
3834
0
0
1246262
145844
6000
1204
7562
10992
697
31678
1366
0


************************************************************************
***    "Team Fabibi"
************************************************************************
ADD these members to the sheet
-1
301770
92931
133348
19732
125353
137884
64604
68158
18064
18917
20490
3969
33680
0
463316
164
137
3350
12585
68038
0
0
44
-1
5971199
0
0
41619
53393


************************************************************************
***    "The Nashians "
************************************************************************
ADD these members to the sheet
41125
15129
-1
173496
212276
16538
66003
733
19340
7936
-1
68
1827631
9896
53928
461299


************************************************************************
***    "Gunbot Team"
************************************************************************
ADD these members to the sheet
712486
9319
3149
1297
6801
238897
0
0
6413
1832
16558
0
63520
0
2029
0
0
2171
0
0
0

Anonymous
Anonymous
Anonymous
Anonymous

0
0
0
0
************************************************************************
***    "Solo"
************************************************************************
ADD these members to the sheet
8932845
7668181
5202311
-1
1358373
3712601
2433597
869222
41125
590339
1543653
83132
188576
1021210
863861
1827631
933175
356598
330257
301770
1416264
15129
191428
295200
-1
222422
92931
1119487
543132
539557
309734
465027
1093902
102505
28477
2833838
712486
1305175
1980442
499432
385164
435205
159778
75862
985154
2543064
19444
173496
137884
377288
125353
145844
-1
19732
61900
35055
896599
68158
66003
253532
811982
463316
-1
12167
163629
68760
131636
235380
212276
15256
12190
16538
30127
-1
168202
14037
339850
49243
19646
27516
64604
100473
95427
-1
1170010
32836
675634
238897
200567
171315
1501423
98315
139962
273217
101598
95172
52282
56346
42356
1071654
1246262
972391
28651
203812
63520
133348
79685
10844
32024
301114
176407
116926
41619
40264
1055239
41211
194770
55246
96116
28745
167793
68038
31678
19697
71319
11326
22148
30304
811883
53393
56406
35395
53853
27793
69425
5971199
19206
13330
-1
925456
44927
61818
88189
17246
31091
39792
12519
265657
161384
157033
23289
27050
18064
461299
67866
53928
20490
32984
-1
28498
49302
272437
13840
21686
12890
19428
28733
27006
12778
18904
112703
27880
18230
16558
18917
99167
63850
22781
19254
12003
15318
25420
70648
13983
19503
42950
18823
224664
158446
14875
11037
19277
16590
14751
17443
12489
58196
15805
10200
29653
18197
13917
102271
27197
26427
27760
10520
10653
13782
11076
123251
21187
18980
24174
118445
12585
12159
13493
17892
10467
57879
30969
12576
96647
10180
31001
16579
10199
11472
24488
26754
10096
134920
19711
72176
84150
14114
16881
18202
122456
10090
10992

MS
MA
PA
SB
MS
DV
Anonymous
VM
TK
MA
FGH

189373
81203
64074
47092
37940
33680
26377
19458
19340
14709
11938
results end here -------------------------------------------------------
