results start here -------------------------------------------------------
21975964
12961813
7192096
3863538
3299965
899178
846769
0
0
0
0

121
45
18
26
14
23
0
0
0
0

89
35
14
19
13
10
0
0
0
0

54
24
9
14
10
3
0
0
0
0

1
2
3
4
5
6
0
0
0
0
PROCESSING SQUADS DONE
************************************************************************
***    "Team CloudBot"
************************************************************************
ADD these members to the sheet
NLSS
SB
2184301
1578731
1009069
219715
283440
310594
281068
170850
120350
852806
221061
132056
80605
328216
-1
34123
244408
-1
87645
14609
23692
44494
62951
15565
50720
10528
5717
11878
450
39380
15285
11460
12350
46587
232
26112
3150
361
14165
0
1078
0
132
0
12486
2449
3487
0
0
1824
0
0
0
0
724
0
703
8582
0
0
0
795
3348
68
0
0
0
23568
0
0
109441
23804
5865
243
62779
1277086
0
865980
292252
75862
3211
0
5711
0
2096
-1
1295
12190
29548
10826
2453
0
0
974677
28651
879
15616
3367
40983
18
98121
258901
31180
713
0
0
7496
4093
8
0
0
-1
44695
7620
30942
488
0
0
5735
536
0
0
18406
35

Anonymous

0
************************************************************************
***    "All for Nash"
************************************************************************
ADD these members to the sheet
3260374
298034
304344
118122
984278
33006
99091
26553
29414
1129
414
0
12
0
53938
0
149821
87792
54566
17658
0
1580
128938
0
1005170
127038
255
29968
20816
9557
-1
93
11212
0
372
179513
59073
599
0
382
0
0
76573
13297
9097

Anonymous

0
************************************************************************
***    "The Trading Club"
************************************************************************
ADD these members to the sheet
FB
3095183
61982
357030
28378
103018
15413
0
865
0
0
100330
74014
345
0
7562
4568
68
14775


************************************************************************
***    "Team Fabibi"
************************************************************************
ADD these members to the sheet
Midnight
-1
213602
46442
22933
18452
71661
102854
31191
40193
10585
7979
10071
1309
27246
0
118126
0
0
169
192
21620
0
0
21
-1
2555309
0
0


************************************************************************
***    "The Nashians "
************************************************************************
ADD these members to the sheet
faibii
40641
14015
-1
118146
61014
15045
60391
0
16606
2849
-1
68
429949
2613
11753
126084


************************************************************************
***    "Gunbot Team"
************************************************************************
ADD these members to the sheet
701153
3225
2012
94
207
94231
0
0
3508
0
5864
0
34945
0
1527
0
0
0
0

Anonymous
Anonymous
Anonymous
Anonymous

0
0
0
0
************************************************************************
***    "Solo"
************************************************************************
ADD these members to the sheet
faibii
OHAHE
KB
Vince Sio
3260374
3095183
2184301
-1
1137292
1578731
1009069
865980
40641
219715
283440
30048
149821
298034
304344
429949
310594
281068
104126
213602
291253
14015
118122
170850
-1
120350
46442
852806
127038
221061
132056
179513
405179
80605
28193
1277086
701153
52865
984278
87792
244408
292252
62779
75862
328216
1005170
15285
118146
102854
98121
71661
74014
29548
18452
40983
34653
258901
40193
60391
93892
357030
118126
-1
12167
61982
33006
53938
99091
61014
15256
12190
15045
29968
-1
160541
14037
85978
23804
15413
23568
31191
39380
26112
-1
87645
20816
76573
94231
44494
12216
974677
24850
40099
59073
54566
17010
26553
28378
29420
103018
100330
813838
28651
128938
34945
22933
23692
10826
31180
62951
26953
32097
30157
40264
54275
29414
50720
27359
24600
28745
46587
21620
14775
19697
15616
10465
14609
22232
107147
31305
34123
17658
13240
11878
15565
2555309
13297
11212
-1
109441
44695
30942
13761
10348
12350
12486
12519
30406
18406
14165
11460
10528
10585
126084
12909
11753
10071

DV
TK

27246
16606
results end here -------------------------------------------------------
