results start here -------------------------------------------------------
37824547
23883201
15326738
7822896
6029382
1732206
967003
0
0
0
0

138
63
20
28
14
25
0
0
0
0

103
52
16
22
14
11
0
0
0
0

71
34
9
17
10
4
0
0
0
0

1
2
3
4
5
6
0
0
0
0
PROCESSING SQUADS DONE
************************************************************************
***    "Team CloudBot"
************************************************************************
ADD these members to the sheet
Wilmo
3524497
2565286
1999423
391680
758546
525485
344065
295200
177929
1114999
391462
245174
102505
640949
-1
56084
385164
-1
517585
18907
47208
121717
168275
47723
73421
19008
12827
27793
603
64713
17106
17712
23417
66865
409
71454
4794
361
72074
0
20322
0
245
0
25839
6356
6597
0
4552
1866
0
0
0
0
11139
0
703
12890
0
0
0
8685
3367
68
200
0
0
23568
0
0
425202
49243
25475
243
133252
1958948
0
869222
399258
75862
56129
0
8416
0
2096
-1
1295
12190
-1
10826
6480
0
0
1501423
28651
879
26336
3367
60996
18
244221
727846
32024
960
0
0
9474
6343
8
0
0
-1
44927
17121
40911
693
0
0
172935
2779
0
0
159601
47092
186939
0
23236
35055
788553
9882
0
6594
494472
53633
34525
11448
0
1618
0
0
29548

SB
Anonymous

6091
0
************************************************************************
***    "All for Nash"
************************************************************************
ADD these members to the sheet
5693644
693154
568774
181721
1692227
58880
168575
42483
41211
1129
1390
0
12
0
120441
0
188576
137562
69939
24640
0
5878
175147
0
1728060
259624
255
29968
32836
10108
-1
238
12884
0
571
331000
156643
599
0
382
0
0
378667
19079
32984
12489
73
-1
73762
9703
112703
1096
8227
1348906
698085
93134
69677
2215
0
11526
8835
7547
5229
4227

Anonymous

0
************************************************************************
***    "The Trading Club"
************************************************************************
ADD these members to the sheet
5265081
115413
601960
49533
507594
17462
0
3664
0
0
1098333
116975
741
110
7562
7232
673
29834
721
0


************************************************************************
***    "Team Fabibi"
************************************************************************
ADD these members to the sheet
-1
301486
72826
132175
19643
110540
126473
56271
58464
17434
14421
20008
1928
28533
0
304491
0
137
3350
192
60862
0
0
26
-1
4608399
0
0
41284
50428


************************************************************************
***    "The Nashians "
************************************************************************
ADD these members to the sheet
41125
14387
-1
170950
121497
16476
63419
253
18535
5290
-1
68
916209
6033
42596
315361


************************************************************************
***    "Gunbot Team"
************************************************************************
ADD these members to the sheet
709683
8150
3143
1297
2345
162860
0
0
4999
0
14536
0
55784
0
2029
0
0
2171
0
0
0

Anonymous
Anonymous
Anonymous
Anonymous

0
0
0
0
************************************************************************
***    "Solo"
************************************************************************
ADD these members to the sheet
Wilmo
5693644
5265081
3524497
-1
1348906
2565286
1999423
869222
41125
391680
758546
47092
188576
693154
568774
916209
525485
344065
145261
301486
788553
14387
181721
295200
-1
177929
72826
1114999
259624
391462
245174
331000
698085
102505
28217
1958948
709683
52865
1692227
137562
385164
399258
133252
75862
640949
1728060
17106
170950
126473
244221
110540
116975
-1
19643
60996
35055
727846
58464
63419
186939
601960
304491
-1
12167
115413
58880
120441
168575
121497
15256
12190
16476
29968
-1
168202
14037
183309
49243
17462
23568
56271
64713
71454
-1
517585
32836
378667
162860
121717
95632
1501423
93446
69677
156643
69939
36556
42483
49533
40042
507594
1098333
972391
28651
175147
55784
132175
47208
10826
32024
168275
133413
73762
41284
40264
93134
41211
73421
45572
53633
28745
66865
60862
29834
19697
26336
10465
18907
22232
494472
50428
56084
24640
53853
27793
47723
4608399
19079
12884
-1
425202
44927
40911
40729
16171
23417
25839
12519
30406
159601
72074
17712
19008
17434
315361
26207
42596
20008
32984
439319
19458
19926
172935
13840
21686
12890
18111
17121
27006
12778
15085
112703
15895
17291
14536
14421
23448
56129
16447
19254
12003
10108
20322
34525
11284
11526
23236
11448
224664
31642
12160
11037
12827
10602
10069
11512
12489
12355
11139
10200
29548

SB
DV
MS
TK
FGH
MA

44695
28533
25475
18535
11938
10389
results end here -------------------------------------------------------
