results start here -------------------------------------------------------
36985005
23264045
15119769
7582940
5911716
1662527
960608
0
0
0
0

138
63
20
28
14
25
0
0
0
0

103
52
16
22
14
11
0
0
0
0

70
33
9
17
10
4
0
0
0
0

1
2
3
4
5
6
0
0
0
0
PROCESSING SQUADS DONE
************************************************************************
***    "Team CloudBot"
************************************************************************
ADD these members to the sheet
3452448
2492701
1960152
370960
703299
513693
340544
294398
175562
1114999
377991
238741
102505
624953
-1
56084
385164
-1
503087
18907
44904
114828
157797
46528
73421
18929
12614
27793
603
62239
17106
17455
22677
66865
313
71454
4794
361
65871
0
19224
0
245
0
25075
6052
4727
0
4552
1866
0
0
0
0
9799
0
703
12890
0
0
0
8685
3367
68
200
0
0
23568
0
0
402005
49243
24925
243
126692
1929957
0
869222
392257
75862
54005
0
8416
0
2096
-1
1295
12190
29548
10826
6202
0
0
1501423
28651
879
25543
3367
60996
18
230109
670082
32024
960
0
0
7935
6343
8
0
0
-1
44927
17121
40911
693
0
0
158272
2779
0
0
159601
47092
179615
0
23236
35055
759329
9288
0
6380
437770
51228
34525
11384
0
1618
0
0

SB
Anonymous

6091
0
************************************************************************
***    "All for Nash"
************************************************************************
ADD these members to the sheet
5692158
677564
541537
181721
1653225
56564
156890
42483
41211
1129
1390
0
12
0
118245
0
188576
137562
69939
24504
0
5878
174204
0
1676774
252466
255
29968
32836
10108
-1
175
12884
0
571
319167
149706
599
0
382
0
0
378667
19079
32984
9795
73
-1
69726
9000
112703
1096
8227
1348906
679540
93134
66893
2215
0
11467
8835
7547
5229
3947

Anonymous

0
************************************************************************
***    "The Trading Club"
************************************************************************
ADD these members to the sheet
5112340
111831
593416
48802
469826
16462
0
3664
0
0
1065219
116975
741
110
7562
7232
541
27491
721
0


************************************************************************
***    "Team Fabibi"
************************************************************************
ADD these members to the sheet
-1
298477
72826
132175
19643
102882
124479
56271
58464
17190
13809
20008
1928
28250
0
304491
0
137
3350
192
59955
0
0
26
-1
4505441
0
0
41284
50428


************************************************************************
***    "The Nashians "
************************************************************************
ADD these members to the sheet
40641
14015
-1
170950
120125
16476
63419
253
18535
5086
-1
68
865045
5593
42596
299717


************************************************************************
***    "Gunbot Team"
************************************************************************
ADD these members to the sheet
708865
8150
3143
1297
2153
158468
0
0
4999
0
14536
0
54792
0
2029
0
0
2171
0
0
0

Anonymous
Anonymous
Anonymous
Anonymous

0
0
0
0
************************************************************************
***    "Solo"
************************************************************************
ADD these members to the sheet
TLAC
JMB
5692158
5112340
3452448
-1
1348906
2492701
1960152
869222
40641
370960
703299
47092
188576
677564
541537
865045
513693
340544
136419
298477
759329
14015
181721
294398
-1
175562
72826
1114999
252466
377991
238741
319167
679540
102505
28193
1929957
708865
52865
1653225
137562
385164
392257
126692
75862
624953
1676774
17106
170950
124479
230109
102882
116975
29548
19643
60996
35055
670082
58464
63419
179615
593416
304491
-1
12167
111831
56564
118245
156890
120125
15256
12190
16476
29968
-1
168202
14037
177406
49243
16462
23568
56271
62239
71454
-1
503087
32836
378667
158468
114828
83988
1501423
84018
66893
149706
69939
32692
42483
48802
40042
469826
1065219
972391
28651
174204
54792
132175
44904
10826
32024
157797
101075
69726
41284
40264
93134
41211
73421
45572
51228
28745
66865
59955
27491
19697
25543
10465
18907
22232
437770
50428
56084
24504
53701
27793
46528
4505441
19079
12884
-1
402005
44927
40911
30302
10959
22677
25075
12519
30406
159601
65871
17455
18929
17190
299717
26207
42596
20008
32984
439319
19458
19926
158272
13840
21686
12890
18111
17121
27006
12778
15036
112703
15895
17291
14536
13809
13996
54005
16447
19254
12003
10108
19224
34525
11284
11467
23236
11384
160063
31642
12102
11037
12614
10555
10069

SB
DV
MS
TK
FGH
MA

44695
28250
24925
18535
11938
10281
results end here -------------------------------------------------------
