results start here -------------------------------------------------------
21067822
12510751
6951549
3659044
3130530
856178
834334
0
0
0
0

119
45
17
25
14
23
0
0
0
0

87
35
13
18
13
10
0
0
0
0

53
24
8
13
9
3
0
0
0
0

1
2
3
4
5
6
0
0
0
0
PROCESSING SQUADS DONE
************************************************************************
***    "Team CloudBot"
************************************************************************
ADD these members to the sheet
2120809
1538416
948649
205492
281839
303937
279264
154020
120350
843967
213981
125502
80605
319980
-1
29930
237343
-1
63777
14225
22697
41662
56176
13999
45855
10164
5717
11695
450
38338
14995
10271
11749
37620
232
25718
3120
361
11691
0
839
0
132
0
11138
2449
3093
0
0
1824
0
0
0
0
700
0
703
6374
0
0
0
795
3348
68
0
0
0
23568
0
0
101020
20905
5865
243
61028
1237906
0
865980
281788
75862
3211
0
5711
0
2096
-1
1295
12190
29548
10826
2113
0
0
926043
28651
879
15147
3367
40190
18
93868
258901
31180
713
0
0
7496
4093
8
0
0
-1
44695
5933
29542
488
0
0
2101
179
0
0

Anonymous

0
************************************************************************
***    "All for Nash"
************************************************************************
ADD these members to the sheet
3249395
267662
294465
116721
926575
28716
96786
26338
27416
1129
414
0
12
0
50876
0
146758
87792
53767
17181
0
1580
123702
0
918526
119684
255
29968
20816
9353
-1
93
11212
0
295
172520
55969
297
0
382
0
0
76573
13297
5005

Anonymous

0
************************************************************************
***    "The Trading Club"
************************************************************************
ADD these members to the sheet
2955256
59773
350191
26714
88812
15413
0
865
0
0
75649
74014
345
0
7562
4377
68


************************************************************************
***    "Team Fabibi"
************************************************************************
ADD these members to the sheet
-1
207461
43746
22933
18452
69203
97903
30223
38978
10120
7608
9984
1234
27246
0
118126
0
0
169
192
21107
0
0
0
-1
2405838
0


************************************************************************
***    "The Nashians "
************************************************************************
ADD these members to the sheet
40641
14015
116942
113537
57648
15045
60391
0
16606
2801
-1
68
415259
2422
797


************************************************************************
***    "Gunbot Team"
************************************************************************
ADD these members to the sheet
701030
3225
1821
94
207
85166
0
0
3508
0
5864
0
32184
0
1230
0
0
0
0

Anonymous
Anonymous
Anonymous
Anonymous

0
0
0
0
************************************************************************
***    "Solo"
************************************************************************
ADD these members to the sheet
Snowman
3249395
2955256
2120809
-1
1137292
1538416
948649
865980
40641
205492
281839
30048
146758
267662
294465
415259
303937
279264
104126
207461
280796
14015
116721
154020
116942
120350
43746
843967
119684
213981
125502
172520
386025
80605
28193
1237906
701030
52865
926575
87792
237343
281788
61028
75862
319980
918526
14995
113537
97903
93868
69203
74014
29548
18452
40190
34653
258901
38978
60391
91416
350191
118126
-1
12167
59773
28716
50876
96786
57648
15256
12190
15045
29968
-1
160541
14037
76670
20905
15413
23568
30223
38338
25718
-1
63777
20816
76573
85166
41662
12216
926043
23080
35103
55969
53767
17010
26338
26714
23375
88812
75649
792863
28651
123702
32184
22933
22697
10826
31180
56176
26953
29506
30055
40264
54275
27416
45855
26225
22949
28745
37620
21107
14775
19697
15147
10465
14225
22232
97000
27448
29930
17181
13240
11695
13999
2405838
13297
11212
-1
101020
44695
29542
12928
10348
11749
11138
12185
24819
13140
11691
10271
10164
10120

DV
TK

27246
16606
results end here -------------------------------------------------------
