results start here -------------------------------------------------------
43593842
27241973
17568035
8937786
6520200
2191015
1004652
0
0
0
0

138
63
20
28
14
25
0
0
0
0

105
52
16
22
14
11
0
0
0
0

74
37
9
18
10
4
0
0
0
0

1
2
3
4
5
6
0
0
0
0
PROCESSING SQUADS DONE
************************************************************************
***    "Team CloudBot"
************************************************************************
ADD these members to the sheet
4004430
2986098
2139993
455009
999533
655410
352050
295200
189986
1114999
437732
275006
102505
754458
-1
56406
385164
-1
763450
20199
56189
154755
204885
54258
76148
21983
15318
27793
603
75723
18163
19115
25314
67084
487
79641
6892
361
92986
0
22235
0
1258
0
30738
10079
10960
0
4552
1866
0
0
0
0
14631
0
703
12890
36
0
0
8685
3367
68
200
0
0
23568
0
0
556662
49243
30803
243
159381
2387434
0
869222
405194
75862
58355
0
9565
0
2096
-1
1295
12190
-1
10844
8265
0
0
1501423
28651
879
44423
3367
60996
18
291327
833937
32024
960
0
0
9474
6343
8
0
0
-1
44927
20312
47454
693
0
0
222589
2938
0
0
160704
47092
210447
0
29013
35055
1042280
10520
1321
7106
607230
70006
47489
13992
0
3192
0
0
29653

SB
Anonymous

6269
0
************************************************************************
***    "All for Nash"
************************************************************************
ADD these members to the sheet
6454533
755091
654098
191428
1844933
65129
197562
45990
41211
2644
1390
0
12
0
126568
0
188576
369035
82429
31269
0
5878
180133
0
2042159
348522
436
29968
32836
10382
-1
238
13330
0
571
373352
204358
599
0
382
0
0
436316
19079
32984
12489
89
-1
92935
13683
112703
1096
11076
1354406
809321
247039
80544
2215
0
14069
10388
9933
6677
5926

Anonymous

0
************************************************************************
***    "The Trading Club"
************************************************************************
ADD these members to the sheet
5907461
130640
681258
52483
703423
17462
0
3834
0
0
1243768
145844
3094
110
7562
7232
673
31678
1256
0


************************************************************************
***    "Team Fabibi"
************************************************************************
ADD these members to the sheet
-1
301672
87961
132175
19667
117513
133355
56271
59827
18036
16556
20490
3099
30673
0
411301
0
137
3350
12585
68038
0
0
26
-1
4935411
0
0
41619
50428


************************************************************************
***    "The Nashians "
************************************************************************
ADD these members to the sheet
41125
14555
-1
173496
133238
16476
63419
722
18535
6151
-1
68
1262580
7814
53928
398900


************************************************************************
***    "Gunbot Team"
************************************************************************
ADD these members to the sheet
710646
9319
3149
1297
2969
195568
0
0
4999
0
14536
0
57963
0
2029
0
0
2171
0
0
0

Anonymous
Anonymous
Anonymous
Anonymous

0
0
0
0
************************************************************************
***    "Solo"
************************************************************************
ADD these members to the sheet
6454533
5907461
4004430
-1
1354406
2986098
2139993
869222
41125
455009
999533
47092
188576
755091
654098
1262580
655410
352050
226346
301672
1042280
14555
191428
295200
-1
189986
87961
1114999
348522
437732
275006
373352
809321
102505
28217
2387434
710646
328643
1844933
369035
385164
405194
159381
75862
754458
2042159
18163
173496
133355
291327
117513
145844
-1
19667
60996
35055
833937
59827
63419
210447
681258
411301
-1
12167
130640
65129
126568
197562
133238
15256
12190
16476
29968
-1
168202
14037
226867
49243
17462
23568
56271
75723
79641
-1
763450
32836
436316
195568
154755
116296
1501423
98315
80544
204358
82429
48864
45990
52483
40042
703423
1243768
972391
28651
180133
57963
132175
56189
10844
32024
204885
154262
92935
41619
40264
247039
41211
76148
47934
70006
28745
67084
68038
31678
19697
44423
10465
20199
22232
607230
50428
56406
31269
53853
27793
54258
4935411
19079
13330
-1
556662
44927
47454
78393
17221
25314
30738
12519
66403
160704
92986
19115
21983
18036
398900
53053
53928
20490
32984
-1
19458
29242
222589
13840
21686
12890
19428
20312
27006
12778
17099
112703
27880
18230
14536
16556
38632
58355
19635
19254
12003
10382
22235
47489
11284
14069
29013
13992
224664
31642
12160
11037
15318
16590
11801
13649
12489
33253
14631
10200
29653
13683
12056
68348
27197
21943
18346
10520
10653
11666
11076
28282
15317
11341
10960
29137
12585
12159
10388
10079

MA
SB
MS
MS
DV
TK
Anonymous
FGH
MA

68403
44695
42553
30803
30673
18535
15680
11938
11699
results end here -------------------------------------------------------
