results start here -------------------------------------------------------
50212200
30969990
20480372
10377109
7323556
2496803
1031790
0
0
0
0

138
63
20
28
14
25
0
0
0
0

106
52
16
23
14
12
0
0
0
0

76
38
9
18
10
4
0
0
0
0

1
2
3
4
5
6
0
0
0
0
PROCESSING SQUADS DONE
************************************************************************
***    "Team CloudBot"
************************************************************************
ADD these members to the sheet
4731593
3396514
2344640
509226
1382846
826906
356598
295200
203292
1114999
486105
291807
102505
870198
-1
56406
385164
-1
967663
22148
64123
179619
249806
61625
78156
24152
17972
27793
603
86679
18163
21348
28198
67284
575
83905
8749
361
124334
0
23677
0
1258
0
32980
13076
23597
142
4552
1866
0
0
0
0
15391
0
703
12890
36
0
0
8685
3682
68
200
0
0
23568
0
0
740803
49243
35025
243
159778
2818282
0
869222
408092
75862
58412
0
9900
0
2096
-1
1295
12190
-1
10844
10180
0
0
1501423
28651
879
56287
3367
60996
18
328755
859688
32024
960
0
0
9474
26532
8
0
0
-1
44927
23482
53933
947
0
0
248240
3057
0
0
161262
47092
230178
0
32602
35055
1364306
10520
3723
7106
688846
77784
57600
16009
0
3192
0
0
29653

SB
Anonymous

6269
0
************************************************************************
***    "All for Nash"
************************************************************************
ADD these members to the sheet
8134565
861664
735709
191428
1908952
65431
218653
52105
41211
2644
1390
0
12
0
128589
0
188576
401678
83080
33310
0
5878
183664
0
2238714
447251
436
30127
32836
11506
-1
238
13330
0
571
413478
243973
3334
0
382
0
0
612085
19079
32984
12489
89
-1
108508
14962
112703
1096
11076
1355173
971974
415744
81203
2215
0
17013
11973
10467
7615
7184

Anonymous

0
************************************************************************
***    "The Trading Club"
************************************************************************
ADD these members to the sheet
7024001
149558
764854
54033
918161
18361
0
3834
0
0
1244530
145844
4917
608
7562
7232
673
31678
1256
0


************************************************************************
***    "Team Fabibi"
************************************************************************
ADD these members to the sheet
-1
301672
92931
132175
19667
121312
136761
59890
60906
18064
18271
20490
3401
33079
0
463316
164
137
3350
12585
68038
0
0
26
-1
5665162
0
0
41619
50530


************************************************************************
***    "The Nashians "
************************************************************************
ADD these members to the sheet
41125
14721
-1
173496
165704
16507
63424
722
18535
6952
-1
68
1500330
8854
53928
432430


************************************************************************
***    "Gunbot Team"
************************************************************************
ADD these members to the sheet
711132
9319
3149
1297
3796
217691
0
0
6112
1832
14536
0
58721
0
2029
0
0
2171
0
0
0

Anonymous
Anonymous
Anonymous
Anonymous

0
0
0
0
************************************************************************
***    "Solo"
************************************************************************
ADD these members to the sheet
DJS
JB
KMBD
8134565
7024001
4731593
-1
1355173
3396514
2344640
869222
41125
509226
1382846
47092
188576
861664
735709
1500330
826906
356598
226346
301672
1364306
14721
191428
295200
-1
203292
92931
1114999
447251
486105
291807
413478
971974
102505
28272
2818282
711132
455007
1908952
401678
385164
408092
159778
75862
870198
2238714
18163
173496
136761
328755
121312
145844
-1
19667
60996
35055
859688
60906
63424
230178
764854
463316
-1
12167
149558
65431
128589
218653
165704
15256
12190
16507
30127
-1
168202
14037
270705
49243
18361
23568
59890
86679
83905
-1
967663
32836
612085
217691
179619
168905
1501423
98315
81203
243973
83080
48864
52105
54033
40042
918161
1244530
972391
28651
183664
58721
132175
64123
10844
32024
249806
154262
108508
41619
40264
415744
41211
78156
50306
77784
28745
67284
68038
31678
19697
56287
10465
22148
30304
688846
50530
56406
33310
53853
27793
61625
5665162
19079
13330
-1
740803
44927
53933
88189
17221
28198
32980
12519
114277
161262
124334
21348
24152
18064
432430
53053
53928
20490
32984
-1
25984
44343
248240
13840
21686
12890
19428
23482
27006
12778
17968
112703
27880
18230
14536
18271
72365
58412
22781
19254
12003
11506
23677
57600
12225
17013
32602
16009
224664
31807
12175
11037
17972
16590
12770
17443
12489
44395
15391
10200
29653
14962
12056
102271
27197
21943
18356
10520
10653
11719
11076
87101
15317
16149
23597
29137
12585
12159
11973
13076
10467
26532
30969
10167
54337
10180
31001
11433
10199
10159

MA
MS
SB
MS
DV
Anonymous
VM
TK
FGH
MA

68403
50487
44695
35025
33079
26263
19458
18535
11938
11699
results end here -------------------------------------------------------
