results start here -------------------------------------------------------
42482160
26623942
17023785
8724313
6391908
2053042
1001113
0
0
0
0

138
63
20
28
14
25
0
0
0
0

105
52
16
22
14
11
0
0
0
0

73
36
9
17
10
4
0
0
0
0

1
2
3
4
5
6
0
0
0
0
PROCESSING SQUADS DONE
************************************************************************
***    "Team CloudBot"
************************************************************************
ADD these members to the sheet
3899161
2898844
2102518
444339
937690
632897
351486
295200
187950
1114999
426068
270656
102505
731233
-1
56406
385164
-1
710091
19817
53675
145910
194804
52504
76071
21420
14067
27793
603
74273
18163
18187
25158
67084
487
76411
6643
361
90142
0
21996
0
1258
0
30738
9829
10522
0
4552
1866
0
0
0
0
14606
0
703
12890
36
0
0
8685
3367
68
200
0
0
23568
0
0
524681
49243
29287
243
158383
2387434
0
869222
405111
75862
58355
0
9242
0
2096
-1
1295
12190
-1
10844
7590
0
0
1501423
28651
879
42333
3367
60996
18
283819
814693
32024
960
0
0
9474
6343
8
0
0
-1
44927
19913
45452
693
0
0
216198
2938
0
0
159601
47092
204317
0
29013
35055
990195
10520
1296
7106
583814
66402
45088
13535
0
3192
0
0
29548

SB
Anonymous

6269
0
************************************************************************
***    "All for Nash"
************************************************************************
ADD these members to the sheet
6257685
730413
644221
191428
1832932
64173
194644
45155
41211
2644
1390
0
12
0
125968
0
188576
302804
82429
28681
0
5878
179669
0
1954061
324264
436
29968
32836
10108
-1
238
13330
0
571
366877
193286
599
0
382
0
0
436316
19079
32984
12489
89
-1
87879
13027
112703
1096
11076
1353283
776001
193725
80315
2215
0
13596
9991
9140
6403
5484

Anonymous

0
************************************************************************
***    "The Trading Club"
************************************************************************
ADD these members to the sheet
5751447
128155
665817
51679
680171
17462
0
3664
0
0
1243768
130960
2670
110
7562
7232
673
31678
1256
0


************************************************************************
***    "Team Fabibi"
************************************************************************
ADD these members to the sheet
-1
301672
87211
132175
19643
117322
132457
56271
59827
18036
16126
20129
2939
30673
0
411301
0
137
3350
255
68038
0
0
26
-1
4822261
0
0
41619
50428


************************************************************************
***    "The Nashians "
************************************************************************
ADD these members to the sheet
41125
14387
-1
173496
124876
16476
63419
493
18535
5984
-1
68
1156384
7491
48060
382240


************************************************************************
***    "Gunbot Team"
************************************************************************
ADD these members to the sheet
710646
9319
3149
1297
2969
192183
0
0
4999
0
14536
0
57809
0
2029
0
0
2171
0
0
0

Anonymous
Anonymous
Anonymous
Anonymous

0
0
0
0
************************************************************************
***    "Solo"
************************************************************************
ADD these members to the sheet
Perry
6257685
5751447
3899161
-1
1353283
2898844
2102518
869222
41125
444339
937690
47092
188576
730413
644221
1156384
632897
351486
226346
301672
990195
14387
191428
295200
-1
187950
87211
1114999
324264
426068
270656
366877
776001
102505
28217
2387434
710646
220135
1832932
302804
385164
405111
158383
75862
731233
1954061
18163
173496
132457
283819
117322
130960
-1
19643
60996
35055
814693
59827
63419
204317
665817
411301
-1
12167
128155
64173
125968
194644
124876
15256
12190
16476
29968
-1
168202
14037
211172
49243
17462
23568
56271
74273
76411
-1
710091
32836
436316
192183
145910
107295
1501423
98315
80315
193286
82429
48864
45155
51679
40042
680171
1243768
972391
28651
179669
57809
132175
53675
10844
32024
194804
154262
87879
41619
40264
193725
41211
76071
46739
66402
28745
67084
68038
31678
19697
42333
10465
19817
22232
583814
50428
56406
28681
53853
27793
52504
4822261
19079
13330
-1
524681
44927
45452
55317
17221
25158
30738
12519
66403
159601
90142
18187
21420
18036
382240
46044
48060
20129
32984
-1
19458
23349
216198
13840
21686
12890
19428
19913
27006
12778
16421
112703
27880
18230
14536
16126
37634
58355
19635
19254
12003
10108
21996
45088
11284
13596
29013
13535
224664
31642
12160
11037
14067
16590
11801
13649
12489
33253
14606
10200
29548
13027
11839
57870
27197
21943
18346
10520
10653
11666
11076
28282
15317
10969
10522
29137

MA
SB
MS
DV
MS
TK
Anonymous
FGH
MA

68403
44695
39584
30673
29287
18535
15442
11938
11699
results end here -------------------------------------------------------
