results start here -------------------------------------------------------
18666275
11232589
5910595
3274535
2695408
782030
805832
0
0
0
0

113
42
17
25
14
22
0
0
0
0

85
31
13
17
12
10
0
0
0
0

49
22
8
12
9
3
0
0
0
0

1
2
3
4
6
5
0
0
0
0
PROCESSING SQUADS DONE
************************************************************************
***    "Team CloudBot"
************************************************************************
ADD these members to the sheet
1921375
1325880
808412
162025
276010
279553
270918
123707
120093
826196
205968
114118
80605
307837
-1
27401
198748
-1
54931
12294
19462
38895
39036
12107
43915
9086
5163
11269
450
34996
14995
7705
10315
28538
232
25718
2674
361
5904
0
480
0
132
0
9718
2449
2307
0
0
1824
0
0
0
0
507
0
703
6374
0
0
0
795
3348
68
0
0
0
23568
0
0
57843
13670
5865
243
58940
1069629
0
787960
260347
75862
1216
0
5711
0
2096
-1
1295
12190
29548
10826
2113
0
0
825824
28651
879
13669
2608
38051
18
89363
258901
30886
713
0
0
7496
3511
8
0
0
-1
38789
1904
16270
488

Anonymous

0
************************************************************************
***    "All for Nash"
************************************************************************
ADD these members to the sheet
2819222
234777
263519
103448
846667
23671
83743
25156
25275
1129
414
0
12
0
47160
0
141848
85001
53767
16845
0
1580
116546
0
645030
109132
0
29968
20757
8492
-1
44
11212
0
295
151489
43701
297
0
382
0
0

Anonymous

0
************************************************************************
***    "The Trading Club"
************************************************************************
ADD these members to the sheet
2647999
50714
341002
23194
60358
15413
0
865
0
0
54702
68014
345
0
7562
4292
68


************************************************************************
***    "Team Fabibi"
************************************************************************
ADD these members to the sheet
-1
187260
43677
22933
18163
59591
90040
27434
38978
9811
6844
9197
1216
27246
0
118126
0
0
0
192
19765
0
0
0
-1
2014927
0


************************************************************************
***    "The Nashians "
************************************************************************
ADD these members to the sheet
KB
40641
14015
109870
106292
51885
15045
60391
0
13517
2801
-1
68
365364
2135
0


************************************************************************
***    "Gunbot Team"
************************************************************************
ADD these members to the sheet
700081
2846
967
94
207
67470
0
0
3494
0
5215
0
24225
0
1230
0
0
0
0

Anonymous
Anonymous
Anonymous

0
0
0
************************************************************************
***    "Solo"
************************************************************************
ADD these members to the sheet
2819222
2647999
1921375
-1
1070799
1325880
808412
787960
40641
162025
276010
30048
141848
234777
263519
365364
279553
270918
98194
187260
254184
14015
103448
123707
109870
120093
43677
826196
109132
205968
114118
151489
343599
80605
28193
1069629
700081
52865
846667
85001
198748
260347
58940
75862
307837
645030
14995
106292
90040
89363
59591
68014
29548
18163
38051
33532
258901
38978
60391
85415
341002
118126
-1
12167
50714
23671
47160
83743
51885
15256
12190
15045
29968
-1
160541
14037
67192
13670
15413
23568
27434
34996
25718
-1
54931
20757
36793
67470
38895
12216
825824
23080
25642
43701
53767
17010
25156
23194
23375
60358
54702
531398
28651
116546
24225
22933
19462
10826
30886
39036
23111
24135
22442
40264
45906
25275
43915
26225
20089
28745
28538
19765
14775
17820
13669
10465
12294
22232
85128
27024
27401
16845
13240
11269
12107
2014927
13297
11212
-1
57843
38789
16270
11245
10348
10315

DV
TK

27246
13517
results end here -------------------------------------------------------
