results start here -------------------------------------------------------
28178285
16977072
11791350
5426165
4355793
1205884
895643
0
0
0
0

138
63
20
28
14
25
0
0
0
0

102
51
15
21
13
11
0
0
0
0

63
31
9
17
10
4
0
0
0
0

1
2
3
4
5
6
0
0
0
0
PROCESSING SQUADS DONE
************************************************************************
***    "Team CloudBot"
************************************************************************
ADD these members to the sheet
AEO
2763598
1770262
1264816
280032
424292
383842
297960
228237
132862
1105669
279156
169933
94822
452868
-1
49158
290487
-1
125152
15851
31899
65913
94090
26730
62348
13869
8081
26861
450
45704
17106
11986
15779
58808
232
45725
3591
361
27500
0
1990
0
132
0
12785
4578
3890
0
4552
1866
0
0
0
0
5077
0
703
12890
0
0
0
8685
3348
68
98
0
0
23568
0
0
193486
30389
13198
243
79571
1474690
0
869222
330723
75862
4723
0
6806
0
2096
-1
1295
12190
29548
10826
3841
0
0
1287691
28651
879
18090
3367
48480
18
133340
409912
32024
882
0
0
7496
6343
8
0
0
-1
44695
11756
37425
693
0
0
49249
916
0
0
79321
4096
113524
0
2520
35055
426440
8145
0
5095
221171
36829
6953
6887
0
0
0
0

SB
Anonymous

106
0
************************************************************************
***    "All for Nash"
************************************************************************
ADD these members to the sheet
gamemar77
capyun69
TUD
ppdelallave
soyoscarguty
4549298
513806
375305
146427
1270556
46936
129551
36964
35307
1129
414
0
12
0
77085
0
188576
117867
69939
18834
0
5878
157405
0
1245739
170824
255
29968
24078
9933
-1
93
11212
0
510
227876
88684
599
0
382
0
0
205579
13297
20828
8556
73
-1
44420
7108
32070
1096
0
1254957
487448
81036
57036
2215
0
7681
6064
4692
3426
2300

Anonymous

0
************************************************************************
***    "The Trading Club"
************************************************************************
ADD these members to the sheet
3922999
72337
423631
41502
156965
15413
0
865
0
0
646737
115550
345
0
7562
6394
221
14918
721
0


************************************************************************
***    "Team Fabibi"
************************************************************************
ADD these members to the sheet
-1
245315
57838
25707
18652
90155
111408
36618
43242
13207
10641
16655
1409
28002
0
255204
0
0
1659
192
39881
0
0
21
-1
3284435
0
0
39123
36419


************************************************************************
***    "The Nashians "
************************************************************************
ADD these members to the sheet
40641
14015
-1
168777
81548
15045
63419
0
16606
3435
-1
68
567938
3535
39134
191718


************************************************************************
***    "Gunbot Team"
************************************************************************
ADD these members to the sheet
707408
8150
3100
276
593
108992
0
0
4418
0
11577
0
46924
0
2029
0
0
2171
0
0
0

Anonymous
Anonymous
Anonymous
Anonymous

0
0
0
0
************************************************************************
***    "Solo"
************************************************************************
ADD these members to the sheet
4549298
3922999
2763598
-1
1254957
1770262
1264816
869222
40641
280032
424292
30048
188576
513806
375305
567938
383842
297960
114020
245315
426440
14015
146427
228237
-1
132862
57838
1105669
170824
279156
169933
227876
487448
94822
28193
1474690
707408
52865
1270556
117867
290487
330723
79571
75862
452868
1245739
17106
168777
111408
133340
90155
115550
29548
18652
48480
35055
409912
43242
63419
113524
423631
255204
-1
12167
72337
46936
77085
129551
81548
15256
12190
15045
29968
-1
168202
14037
125084
30389
15413
23568
36618
45704
45725
-1
125152
24078
205579
108992
65913
17067
1287691
48025
57036
88684
69939
21084
36964
41502
35622
156965
646737
972391
28651
157405
46924
25707
31899
10826
32024
94090
75072
44420
39123
40264
81036
35307
62348
34898
36829
28745
58808
39881
14918
19697
18090
10465
15851
22232
221171
36419
49158
18834
15402
26861
26730
3284435
13297
11212
-1
193486
44695
37425
17066
10959
15779
12785
12519
30406
79321
27500
11986
13869
13207
191718
12909
39134
16655
20828
439319
19458
16995
49249
13840
21686
12890
14590
11756
20689
12778
13202
32070
15895
12604
11577
10641

DV
TK
MS

28002
16606
13198
results end here -------------------------------------------------------
