results start here -------------------------------------------------------
43555092
27213208
17544566
8925466
6513060
2189390
1004253
0
0
0
0

138
63
20
28
14
25
0
0
0
0

105
52
16
22
14
11
0
0
0
0

74
37
9
18
10
4
0
0
0
0

1
2
3
4
5
6
0
0
0
0
PROCESSING SQUADS DONE
************************************************************************
***    "Team CloudBot"
************************************************************************
ADD these members to the sheet
3995825
2980281
2139712
454172
996000
653992
352050
295200
189887
1114999
437068
274663
102505
753731
-1
56406
385164
-1
763450
20179
56189
154550
204478
54218
76148
21983
15318
27793
603
75675
18163
19016
25314
67084
487
79641
6892
361
92870
0
22235
0
1258
0
30738
10022
10960
0
4552
1866
0
0
0
0
14631
0
703
12890
36
0
0
8685
3367
68
200
0
0
23568
0
0
555585
49243
30803
243
159381
2387434
0
869222
405194
75862
58355
0
9565
0
2096
-1
1295
12190
-1
10844
8225
0
0
1501423
28651
879
44318
3367
60996
18
291327
833937
32024
960
0
0
9474
6343
8
0
0
-1
44927
20312
47454
693
0
0
222020
2938
0
0
160704
47092
210152
0
29013
35055
1039133
10520
1321
7106
607230
69787
47489
13992
0
3192
0
0
29653

SB
Anonymous

6269
0
************************************************************************
***    "All for Nash"
************************************************************************
ADD these members to the sheet
6435317
755091
654098
191428
1844334
65129
197478
45990
41211
2644
1390
0
12
0
126568
0
188576
369035
82429
31269
0
5878
180133
0
2040410
348503
436
29968
32836
10350
-1
238
13330
0
571
373352
204073
599
0
382
0
0
436316
19079
32984
12489
89
-1
92875
13683
112703
1096
11076
1354306
808260
247039
80544
2215
0
14069
10388
9667
6677
5926

Anonymous

0
************************************************************************
***    "The Trading Club"
************************************************************************
ADD these members to the sheet
5896944
130640
680775
52453
702132
17462
0
3834
0
0
1243768
145844
3094
110
7562
7232
673
31678
1256
0


************************************************************************
***    "Team Fabibi"
************************************************************************
ADD these members to the sheet
-1
301672
87961
132175
19667
117513
133355
56271
59827
18036
16556
20490
3099
30673
0
411301
0
137
3350
12585
68038
0
0
26
-1
4928271
0
0
41619
50428


************************************************************************
***    "The Nashians "
************************************************************************
ADD these members to the sheet
41125
14555
-1
173496
133133
16476
63419
722
18535
6139
-1
68
1262580
7802
53928
397404


************************************************************************
***    "Gunbot Team"
************************************************************************
ADD these members to the sheet
710646
9319
3149
1297
2969
195170
0
0
4999
0
14536
0
57963
0
2029
0
0
2171
0
0
0

Anonymous
Anonymous
Anonymous
Anonymous

0
0
0
0
************************************************************************
***    "Solo"
************************************************************************
ADD these members to the sheet
6435317
5896944
3995825
-1
1354306
2980281
2139712
869222
41125
454172
996000
47092
188576
755091
654098
1262580
653992
352050
226346
301672
1039133
14555
191428
295200
-1
189887
87961
1114999
348503
437068
274663
373352
808260
102505
28217
2387434
710646
328643
1844334
369035
385164
405194
159381
75862
753731
2040410
18163
173496
133355
291327
117513
145844
-1
19667
60996
35055
833937
59827
63419
210152
680775
411301
-1
12167
130640
65129
126568
197478
133133
15256
12190
16476
29968
-1
168202
14037
226039
49243
17462
23568
56271
75675
79641
-1
763450
32836
436316
195170
154550
116296
1501423
98315
80544
204073
82429
48864
45990
52453
40042
702132
1243768
972391
28651
180133
57963
132175
56189
10844
32024
204478
154262
92875
41619
40264
247039
41211
76148
47934
69787
28745
67084
68038
31678
19697
44318
10465
20179
22232
607230
50428
56406
31269
53853
27793
54218
4928271
19079
13330
-1
555585
44927
47454
78393
17221
25314
30738
12519
66403
160704
92870
19016
21983
18036
397404
53053
53928
20490
32984
-1
19458
29242
222020
13840
21686
12890
19428
20312
27006
12778
17099
112703
27880
18230
14536
16556
38632
58355
19635
19254
12003
10350
22235
47489
11284
14069
29013
13992
224664
31642
12160
11037
15318
16590
11801
13649
12489
33253
14631
10200
29653
13683
12056
67930
27197
21943
18346
10520
10653
11666
11076
28282
15317
11341
10960
29137
12585
12159
10388
10022

MA
SB
MS
MS
DV
TK
Anonymous
FGH
MA

68403
44695
42553
30803
30673
18535
15442
11938
11699
results end here -------------------------------------------------------
