results start here -------------------------------------------------------
30864340
19125696
13065794
6106292
5063837
1267959
921231
0
0
0
0

138
63
20
28
14
25
0
0
0
0

102
52
15
21
14
11
0
0
0
0

64
31
9
17
10
4
0
0
0
0

1
2
3
4
5
6
0
0
0
0
PROCESSING SQUADS DONE
************************************************************************
***    "Team CloudBot"
************************************************************************
ADD these members to the sheet
3021106
2076246
1443569
313762
510272
443708
310773
241698
153219
1105669
314695
191454
94822
519732
-1
56084
325591
-1
134737
17976
36241
85100
104431
32745
70938
15153
9022
27354
450
49836
17106
11986
17940
62132
232
52010
4130
361
40852
0
7567
0
132
0
15857
5596
3999
0
4552
1866
0
0
0
0
6993
0
703
12890
0
0
0
8685
3348
68
98
0
0
23568
0
0
263082
38342
15368
243
92027
1653818
0
869222
355337
75862
41429
0
7523
0
2096
-1
1295
12190
29548
10826
4991
0
0
1443731
28651
879
19796
3367
53309
18
154038
510845
32024
908
0
0
7496
6343
8
0
0
-1
44695
13414
37548
693
0
0
80509
1375
0
0
131229
6091
128073
0
8103
35055
537268
8713
0
5962
284891
42292
8032
7930
0
0
0
0

SB
Anonymous

106
0
************************************************************************
***    "All for Nash"
************************************************************************
ADD these members to the sheet
5217968
533804
407512
148377
1398823
49068
129551
38303
41211
1129
414
0
12
0
103787
0
188576
123710
69939
20116
0
5878
165368
0
1292008
195000
255
29968
26579
9998
-1
93
11212
0
510
260067
117032
599
0
382
0
0
214450
13297
28993
8556
73
-1
52114
7256
65986
1096
2507
1336717
568908
86016
63359
2215
0
8332
7220
4692
3973
2760

Anonymous

0
************************************************************************
***    "The Trading Club"
************************************************************************
ADD these members to the sheet
4262462
83667
475509
45891
251825
15413
0
1705
0
0
817599
116975
345
0
7562
7074
221
19315
721
0


************************************************************************
***    "Team Fabibi"
************************************************************************
ADD these members to the sheet
-1
255189
64827
44366
19539
90155
114709
41417
47639
14471
11423
20008
1728
28002
0
255204
0
0
2117
192
50925
0
0
26
-1
3916435
0
0
39161
46295


************************************************************************
***    "The Nashians "
************************************************************************
ADD these members to the sheet
40641
14015
-1
168777
96713
15045
63419
253
16606
3855
-1
68
590095
4122
39366
214978


************************************************************************
***    "Gunbot Team"
************************************************************************
ADD these members to the sheet
708205
8150
3100
1297
1147
128706
0
0
4418
0
13617
0
48386
0
2029
0
0
2171
0
0
0

Anonymous
Anonymous
Anonymous
Anonymous

0
0
0
0
************************************************************************
***    "Solo"
************************************************************************
ADD these members to the sheet
5217968
4262462
3021106
-1
1336717
2076246
1443569
869222
40641
313762
510272
30048
188576
533804
407512
590095
443708
310773
119103
255189
537268
14015
148377
241698
-1
153219
64827
1105669
195000
314695
191454
260067
568908
94822
28193
1653818
708205
52865
1398823
123710
325591
355337
92027
75862
519732
1292008
17106
168777
114709
154038
90155
116975
29548
19539
53309
35055
510845
47639
63419
128073
475509
255204
-1
12167
83667
49068
103787
129551
96713
15256
12190
15045
29968
-1
168202
14037
150657
38342
15413
23568
41417
49836
52010
-1
134737
26579
214450
128706
85100
28995
1443731
51709
63359
117032
69939
21084
38303
45891
35622
251825
817599
972391
28651
165368
48386
44366
36241
10826
32024
104431
75072
52114
39161
40264
86016
41211
70938
38500
42292
28745
62132
50925
19315
19697
19796
10465
17976
22232
284891
46295
56084
20116
33007
27354
32745
3916435
13297
11212
-1
263082
44695
37548
29088
10959
17940
15857
12519
30406
131229
40852
11986
15153
14471
214978
12909
39366
20008
28993
439319
19458
16995
80509
13840
21686
12890
14590
13414
20689
12778
14919
65986
15895
14471
13617
11423
13996
41429
13359
11261

DV
TK
MS

28002
16606
15368
results end here -------------------------------------------------------
