results start here -------------------------------------------------------
48996270
30412854
19889425
10107385
7133294
2410286
1026443
0
0
0
0

138
63
20
28
14
25
0
0
0
0

105
52
16
23
14
11
0
0
0
0

76
38
9
18
10
4
0
0
0
0

1
2
3
4
5
6
0
0
0
0
PROCESSING SQUADS DONE
************************************************************************
***    "Team CloudBot"
************************************************************************
ADD these members to the sheet
4595450
3296453
2325465
502589
1315427
800853
356598
295200
201041
1114999
473348
289038
102505
846931
-1
56406
385164
-1
945313
22148
63175
173724
242319
60044
77474
23020
17834
27793
603
85002
18163
21050
27934
67084
575
83905
8553
361
117013
0
23398
0
1258
0
32531
11744
23597
0
4552
1866
0
0
0
0
15023
0
703
12890
36
0
0
8685
3682
68
200
0
0
23568
0
0
704494
49243
35025
243
159778
2818282
0
869222
405194
75862
58412
0
9900
0
2096
-1
1295
12190
-1
10844
10180
0
0
1501423
28651
879
54895
3367
60996
18
323745
858749
32024
960
0
0
9474
24097
8
0
0
-1
44927
23482
52067
947
0
0
245277
3057
0
0
161099
47092
226259
0
32602
35055
1335285
10520
3723
7106
673265
76480
54714
14833
0
3192
0
0
29653

SB
Anonymous

6269
0
************************************************************************
***    "All for Nash"
************************************************************************
ADD these members to the sheet
7845887
861664
710862
191428
1902963
65431
218032
51099
41211
2644
1390
0
12
0
128420
0
188576
384416
83080
33262
0
5878
182546
0
2206506
430604
436
30127
32836
11506
-1
238
13330
0
571
404309
237371
2715
0
382
0
0
612085
19079
32984
12489
89
-1
106116
14576
112703
1096
11076
1355173
941244
266122
80544
2215
0
16478
11703
10199
7105
6589

Anonymous

0
************************************************************************
***    "The Trading Club"
************************************************************************
ADD these members to the sheet
6802954
145370
757052
53884
882474
18361
0
3834
0
0
1243768
145844
4917
518
7562
7232
673
31678
1256
0


************************************************************************
***    "Team Fabibi"
************************************************************************
ADD these members to the sheet
-1
301672
92931
132175
19667
121312
135960
59890
60906
18064
17719
20490
3329
30673
0
463316
164
137
3350
12585
68038
0
0
26
-1
5478833
0
0
41619
50428


************************************************************************
***    "The Nashians "
************************************************************************
ADD these members to the sheet
41125
14721
-1
173496
158381
16507
63424
722
18535
6869
-1
68
1424833
8662
53928
429008


************************************************************************
***    "Gunbot Team"
************************************************************************
ADD these members to the sheet
711027
9319
3149
1297
3796
214396
0
0
6112
0
14536
0
58606
0
2029
0
0
2171
0
0
0

Anonymous
Anonymous
Anonymous
Anonymous

0
0
0
0
************************************************************************
***    "Solo"
************************************************************************
ADD these members to the sheet
7845887
6802954
4595450
-1
1355173
3296453
2325465
869222
41125
502589
1315427
47092
188576
861664
710862
1424833
800853
356598
226346
301672
1335285
14721
191428
295200
-1
201041
92931
1114999
430604
473348
289038
404309
941244
102505
28272
2818282
711027
329233
1902963
384416
385164
405194
159778
75862
846931
2206506
18163
173496
135960
323745
121312
145844
-1
19667
60996
35055
858749
60906
63424
226259
757052
463316
-1
12167
145370
65431
128420
218032
158381
15256
12190
16507
30127
-1
168202
14037
261867
49243
18361
23568
59890
85002
83905
-1
945313
32836
612085
214396
173724
162884
1501423
98315
80544
237371
83080
48864
51099
53884
40042
882474
1243768
972391
28651
182546
58606
132175
63175
10844
32024
242319
154262
106116
41619
40264
266122
41211
77474
50306
76480
28745
67084
68038
31678
19697
54895
10465
22148
30304
673265
50428
56406
33262
53853
27793
60044
5478833
19079
13330
-1
704494
44927
52067
88189
17221
27934
32531
12519
66403
161099
117013
21050
23020
18064
429008
53053
53928
20490
32984
-1
19458
44343
245277
13840
21686
12890
19428
23482
27006
12778
17968
112703
27880
18230
14536
17719
57462
58412
22781
19254
12003
11506
23398
54714
11284
16478
32602
14833
224664
31642
12175
11037
17834
16590
11801
17443
12489
35156
15023
10200
29653
14576
12056
102271
27197
21943
18356
10520
10653
11666
11076
28282
15317
16149
23597
29137
12585
12159
11703
11744
10199
24097
30969
10167
38452
10180
31001

MA
SB
MS
MS
DV
Anonymous
TK
VM
FGH
MA

68403
44695
44276
35025
30673
26263
18535
16487
11938
11699
results end here -------------------------------------------------------
