results start here -------------------------------------------------------
68304634
39072598
27482452
13328023
8157402
3545186
1109867
0
0
0
0

138
63
20
28
14
25
0
0
0
0

107
52
17
24
14
12
0
0
0
0

80
39
11
18
12
4
0
0
0
0

1
2
3
4
5
6
0
0
0
0
PROCESSING SQUADS DONE
************************************************************************
***    "Team CloudBot"
************************************************************************
ADD these members to the sheet
6360880
4501562
2433597
752767
1809428
1241747
357577
295200
349350
1148427
637283
341059
102505
1345317
-1
56406
385164
-1
1321516
25297
114024
243033
429719
81654
203671
28975
25311
27793
603
129392
19444
26736
41798
193335
2002
111687
10077
361
208624
0
45701
0
1645
0
47219
18675
26855
1403
4552
1866
0
0
0
0
15805
0
703
12890
36
0
0
8685
6656
68
208
0
971
32094
0
0
1333155
49243
43210
243
159778
3025381
0
869222
523698
75862
70133
0
11587
0
2096
-1
1295
12190
-1
10844
10180
0
0
1501423
28651
879
112117
3367
63089
18
502231
916109
32024
1161
0
0
10874
91963
8
0
0
-1
44927
29529
73786
16217
0
0
315573
5215
0
0
161384
47092
348312
0
56283
35055
1483150
11003
4203
7106
1097470
115031
108502
22212
0
3192
0
0
29653

SB
Anonymous

6269
0
************************************************************************
***    "All for Nash"
************************************************************************
ADD these members to the sheet
10935777
1109772
1031363
191428
2177639
76460
266382
53571
41211
2644
1390
0
152
0
137275
0
188576
697614
107132
39359
0
7409
432472
0
2769747
655513
635
30127
32836
20770
-1
238
13330
0
571
564015
311033
20751
0
7688
0
0
855705
30036
32984
12489
546
-1
127504
23015
112703
1096
11076
1553740
1365143
1277082
83305
2215
0
24843
14881
10467
9251
9462

Anonymous

0
************************************************************************
***    "The Trading Club"
************************************************************************
ADD these members to the sheet
9188280
218192
915395
56346
1459991
19646
0
3834
0
0
1247807
146083
10034
2633
7562
17897
791
31678
1485
360


************************************************************************
***    "Team Fabibi"
************************************************************************
ADD these members to the sheet
-1
301770
108200
135213
19732
131896
141650
73597
74664
18229
19097
20733
4183
33885
0
581485
164
1854
3350
12633
68038
0
12
2329
-1
6300577
0
0
50491
53608


************************************************************************
***    "The Nashians "
************************************************************************
ADD these members to the sheet
47476
16182
-1
173549
237128
16538
66624
1253
19340
10498
-1
68
2372930
11550
66053
505991


************************************************************************
***    "Gunbot Team"
************************************************************************
ADD these members to the sheet
712486
9319
3149
1297
8973
273176
0
0
8535
3856
16558
0
68313
0
2029
0
0
2171
0
0
0

Anonymous
Anonymous
Anonymous
Anonymous

0
0
0
0
************************************************************************
***    "Solo"
************************************************************************
ADD these members to the sheet
10935777
9188280
6360880
-1
1553740
4501562
2433597
869222
47476
752767
1809428
119743
188576
1109772
1031363
2372930
1241747
357577
365807
301770
1483150
16182
191428
295200
-1
349350
108200
1148427
655513
637283
341059
564015
1365143
102505
28477
3025381
712486
2318852
2177639
697614
385164
523698
159778
75862
1345317
2769747
19444
173549
141650
502231
131896
146083
-1
19732
63089
35055
916109
74664
66624
348312
915395
581485
-1
12167
218192
76460
137275
266382
237128
15256
12190
16538
30127
-1
168202
15560
449278
49243
19646
32094
73597
129392
111687
-1
1321516
32836
855705
273176
243033
189491
1501423
98315
139962
311033
107132
108636
53571
56346
44681
1459991
1247807
1052707
28651
432472
68313
135213
114024
10844
32024
429719
198549
127504
50491
40264
1277082
41211
203671
66400
115031
68637
193335
68038
31678
19697
112117
11326
25297
58123
1097470
53608
56406
39359
53853
27793
81654
6300577
30036
13330
-1
1333155
44927
73786
88189
17246
41798
47219
13042
265657
161384
208624
26736
28975
18229
505991
82843
66053
20733
32984
-1
39070
54862
315573
13840
21686
12890
19428
29529
27006
12778
20807
112703
27880
18783
16558
19097
121790
70133
27545
29861
12003
20770
45701
108502
13983
24843
56283
22212
224664
161456
19979
22231
25311
40936
16718
29858
12489
96577
15805
16512
29653
23015
16806
102271
27471
26427
116466
11003
11424
15840
11076
123251
34128
19753
26855
118455
12633
12159
14881
18675
10467
91963
31067
12576
138252
10180
31001
24008
10199
14206
24488
26754
11037
186469
40883
72176
144636
25610
16881
22678
277699
11587
17897
14026
20751
22402
15089
61729
12632
11368
10874
32593
10077
11550
13546
16217
10547
15960
11278
10954
10034
12932
10498
10310

MS
PA
MA
SB
MS
DV
Anonymous
FGH
VM
TK
MA
GB
MB

244231
107412
83305
47092
43210
33885
26377
23879
19458
19340
14709
12793
11327
results end here -------------------------------------------------------
