results start here -------------------------------------------------------
32382341
20115991
13507446
6543306
5529426
1339537
934276
0
0
0
0

138
63
20
28
14
25
0
0
0
0

102
52
16
21
14
11
0
0
0
0

66
32
9
17
10
4
0
0
0
0

1
2
3
4
5
6
0
0
0
0
PROCESSING SQUADS DONE
************************************************************************
***    "Team CloudBot"
************************************************************************
ADD these members to the sheet
3127710
2155885
1543174
336635
548343
459788
326563
244286
161887
1105669
330448
201956
102505
551710
-1
56084
336279
-1
182380
18907
38879
92398
115554
35118
72276
15472
9022
27754
450
52282
17106
13535
18941
64867
272
54404
4515
361
51345
0
10347
0
132
0
16531
5747
3999
0
4552
1866
0
0
0
0
8703
0
703
12890
0
0
0
8685
3348
68
98
0
0
23568
0
0
294472
38345
21374
243
98011
1710580
0
869222
364664
75862
48070
0
8239
0
2096
-1
1295
12190
29548
10826
5390
0
0
1501423
28651
879
20947
3367
55813
18
164052
541776
32024
934
0
0
7496
6343
8
0
0
-1
44695
15330
37548
693
0
0
121583
1699
0
0
153427
25002
139667
0
9703
35055
583466
8713
0
5962
335245
45132
8523
8254
0
0
0
0

SB
Anonymous

6091
0
************************************************************************
***    "All for Nash"
************************************************************************
ADD these members to the sheet
5279211
556413
429602
149347
1480073
49068
129551
38520
41211
1129
1390
0
12
0
105570
0
188576
131153
69939
21378
0
5878
167279
0
1347360
207890
255
29968
26579
10062
-1
93
11633
0
510
274480
126059
599
0
382
0
0
303133
13297
32984
8556
73
-1
57130
7492
85399
1096
2507
1341316
589478
88799
65026
2215
0
8625
7482
4692
4089
2859

Anonymous

0
************************************************************************
***    "The Trading Club"
************************************************************************
ADD these members to the sheet
4520501
96938
513427
45891
314666
16462
0
1705
0
0
879327
116975
345
28
7562
7138
221
21391
721
0


************************************************************************
***    "Team Fabibi"
************************************************************************
ADD these members to the sheet
-1
275125
69161
71465
19643
91031
115508
44727
48813
14942
11538
20008
1802
28002
0
255204
0
0
3350
192
57223
0
0
26
-1
4314954
0
0
39161
47542


************************************************************************
***    "The Nashians "
************************************************************************
ADD these members to the sheet
40641
14015
-1
168777
101056
15045
63419
253
16606
4285
-1
68
630595
4433
42596
237742


************************************************************************
***    "Gunbot Team"
************************************************************************
ADD these members to the sheet
708766
8150
3100
1297
1291
138904
0
0
4978
0
13617
0
49969
0
2029
0
0
2171
0
0
0

Anonymous
Anonymous
Anonymous
Anonymous

0
0
0
0
************************************************************************
***    "Solo"
************************************************************************
ADD these members to the sheet
5279211
4520501
3127710
-1
1341316
2155885
1543174
869222
40641
336635
548343
30048
188576
556413
429602
630595
459788
326563
125228
275125
583466
14015
149347
244286
-1
161887
69161
1105669
207890
330448
201956
274480
589478
102505
28193
1710580
708766
52865
1480073
131153
336279
364664
98011
75862
551710
1347360
17106
168777
115508
164052
91031
116975
29548
19643
55813
35055
541776
48813
63419
139667
513427
255204
-1
12167
96938
49068
105570
129551
101056
15256
12190
15045
29968
-1
168202
14037
157070
38345
16462
23568
44727
52282
54404
-1
182380
26579
303133
138904
92398
50513
1501423
60105
65026
126059
69939
21084
38520
45891
35622
314666
879327
972391
28651
167279
49969
71465
38879
10826
32024
115554
80429
57130
39161
40264
88799
41211
72276
38500
45132
28745
64867
57223
21391
19697
20947
10465
18907
22232
335245
47542
56084
21378
40376
27754
35118
4314954
13297
11633
-1
294472
44695
37548
29303
10959
18941
16531
12519
30406
153427
51345
13535
15472
14942
237742
12909
42596
20008
32984
439319
19458
16995
121583
13840
21686
12890
14590
15330
20689
12778
14919
85399
15895
14471
13617
11538
13996
48070
13359
11261
12003
10062
10347

DV
SB
MS
TK

28002
25002
21374
16606
results end here -------------------------------------------------------
