results start here -------------------------------------------------------
22175837
13011239
7236625
3893329
3355852
945711
847601
0
0
0
0

121
45
18
26
14
23
0
0
0
0

89
35
14
19
13
10
0
0
0
0

54
25
9
14
10
3
0
0
0
0

1
2
3
4
5
6
0
0
0
0
PROCESSING SQUADS DONE
************************************************************************
***    "Team CloudBot"
************************************************************************
ADD these members to the sheet
2191620
1581294
1009069
221781
284135
310806
281068
170850
120350
853386
221611
132921
80605
328703
-1
34236
244408
-1
87981
14708
23792
44638
62951
15680
51075
10641
5717
11878
450
39554
16233
11460
12518
47477
232
26112
3150
361
14698
0
1078
0
132
0
12561
2449
3487
0
0
1824
0
0
0
0
724
0
703
8582
0
0
0
795
3348
68
0
0
0
23568
0
0
110931
23804
5865
243
62978
1280430
0
865980
293884
75862
3211
0
5711
0
2096
-1
1295
12190
29548
10826
2483
0
0
996415
28651
879
15691
3367
41531
18
98258
258901
31180
713
0
0
7496
4093
8
0
0
-1
44695
7620
30942
488
0
0
6197
536
0
0
18677
35

Anonymous

0
************************************************************************
***    "All for Nash"
************************************************************************
ADD these members to the sheet
3269206
315264
305078
118122
990710
35738
100081
26553
29489
1129
414
0
12
0
54194
0
150422
87792
54626
17658
0
1580
128938
0
1006656
128874
255
29968
20816
9573
-1
93
11212
0
372
181338
59530
599
0
382
0
0
76573
13297
10063

Anonymous

0
************************************************************************
***    "The Trading Club"
************************************************************************
ADD these members to the sheet
3115982
62538
358457
28795
103967
15413
0
865
0
0
102953
76899
345
0
7562
4705
68
14775


************************************************************************
***    "Team Fabibi"
************************************************************************
ADD these members to the sheet
-1
214333
47846
22933
18452
72113
103078
31272
40486
10585
7994
10071
1309
27246
0
118180
0
0
169
192
21796
0
0
21
-1
2607766
0
0


************************************************************************
***    "The Nashians "
************************************************************************
ADD these members to the sheet
40641
14015
-1
120071
61811
15045
61302
0
16606
2849
-1
68
462585
2625
16968
131120


************************************************************************
***    "Gunbot Team"
************************************************************************
ADD these members to the sheet
701153
3225
2012
94
207
94750
0
0
3508
0
5864
0
35258
0
1527
0
0
0
0

Anonymous
Anonymous
Anonymous
Anonymous

0
0
0
0
************************************************************************
***    "Solo"
************************************************************************
ADD these members to the sheet
PB2
3269206
3115982
2191620
-1
1137292
1581294
1009069
865980
40641
221781
284135
30048
150422
315264
305078
462585
310806
281068
104126
214333
291892
14015
118122
170850
-1
120350
47846
853386
128874
221611
132921
181338
406284
80605
28193
1280430
701153
52865
990710
87792
244408
293884
62978
75862
328703
1006656
16233
120071
103078
98258
72113
76899
29548
18452
41531
34653
258901
40486
61302
94996
358457
118180
-1
12167
62538
35738
54194
100081
61811
15256
12190
15045
29968
-1
160541
14037
87486
23804
15413
23568
31272
39554
26112
-1
87981
20816
76573
94750
44638
12216
996415
24850
41513
59530
54626
17010
26553
28795
29420
103967
102953
880460
28651
128938
35258
22933
23792
10826
31180
62951
26970
32422
31157
40264
55178
29489
51075
27359
25436
28745
47477
21796
14775
19697
15691
10465
14708
22232
110862
31305
34236
17658
13240
11878
15680
2607766
13297
11212
-1
110931
44695
30942
13766
10348
12518
12561
12519
30406
18677
14698
11460
10641
10585
131120
12909
16968
10071
10063

DV
TK

27246
16606
results end here -------------------------------------------------------
