results start here -------------------------------------------------------
33901332
21373232
14328271
6985353
5706416
1412189
940331
0
0
0
0

138
63
20
28
14
25
0
0
0
0

102
52
16
21
14
11
0
0
0
0

67
32
9
17
10
4
0
0
0
0

1
2
3
4
5
6
0
0
0
0
PROCESSING SQUADS DONE
************************************************************************
***    "Team CloudBot"
************************************************************************
ADD these members to the sheet
3303435
2233174
1747716
356573
613597
476072
338829
258690
163737
1110309
346959
225805
102505
568910
-1
56084
351831
-1
314437
18907
42159
100371
131675
38290
73100
17243
9281
27754
603
54293
17106
14992
19993
66074
272
54404
4654
361
60596
0
13565
0
132
0
16531
5861
3999
0
4552
1866
0
0
0
0
9122
0
703
12890
0
0
0
8685
3367
68
200
0
0
23568
0
0
348649
42165
22270
243
113076
1784122
0
869222
376515
75862
49058
0
8239
0
2096
-1
1295
12190
29548
10826
5390
0
0
1501423
28651
879
21859
3367
58255
18
175056
561145
32024
934
0
0
7496
6343
8
0
0
-1
44927
17024
39141
693
0
0
144086
1843
0
0
159384
47092
147489
0
9703
35055
670210
8713
0
5962
379915
46898
24949
9884
0
0
0
0

SB
Anonymous

6091
0
************************************************************************
***    "All for Nash"
************************************************************************
ADD these members to the sheet
5683595
587060
456959
178770
1552496
52831
130298
39084
41211
1129
1390
0
12
0
108043
0
188576
137562
69939
21378
0
5878
168732
0
1443711
230635
255
29968
29219
10062
-1
93
12438
0
510
290773
138125
599
0
382
0
0
303133
14713
32984
8556
73
-1
63438
7567
112703
1096
6844
1347824
627318
93134
65328
2215
0
9987
7979
4692
4089
2859

Anonymous

0
************************************************************************
***    "The Trading Club"
************************************************************************
ADD these members to the sheet
4781826
100264
547047
45891
372117
16462
0
1705
0
0
964633
116975
345
28
7562
7138
412
22218
721
0


************************************************************************
***    "Team Fabibi"
************************************************************************
ADD these members to the sheet
-1
292113
72826
112244
19643
94175
117001
47663
48813
15112
12364
20008
1809
28002
0
255204
0
0
3350
192
57223
0
0
26
-1
4420216
0
0
40880
47542


************************************************************************
***    "The Nashians "
************************************************************************
ADD these members to the sheet
40641
14015
-1
168777
115760
15045
63419
253
17330
4441
-1
68
659473
4649
42596
265717


************************************************************************
***    "Gunbot Team"
************************************************************************
ADD these members to the sheet
708766
8150
3100
1297
1315
144858
0
0
4999
0
13617
0
50025
0
2029
0
0
2171
0
0
0

Anonymous
Anonymous
Anonymous
Anonymous

0
0
0
0
************************************************************************
***    "Solo"
************************************************************************
ADD these members to the sheet
AP
5683595
4781826
3303435
-1
1347824
2233174
1747716
869222
40641
356573
613597
47092
188576
587060
456959
659473
476072
338829
130798
292113
670210
14015
178770
258690
-1
163737
72826
1110309
230635
346959
225805
290773
627318
102505
28193
1784122
708766
52865
1552496
137562
351831
376515
113076
75862
568910
1443711
17106
168777
117001
175056
94175
116975
29548
19643
58255
35055
561145
48813
63419
147489
547047
255204
-1
12167
100264
52831
108043
130298
115760
15256
12190
15045
29968
-1
168202
14037
165453
42165
16462
23568
47663
54293
54404
-1
314437
29219
303133
144858
100371
72121
1501423
60105
65328
138125
69939
27269
39084
45891
35622
372117
964633
972391
28651
168732
50025
112244
42159
10826
32024
131675
85589
63438
40880
40264
93134
41211
73100
38500
46898
28745
66074
57223
22218
19697
21859
10465
18907
22232
379915
47542
56084
21378
42072
27754
38290
4420216
14713
12438
-1
348649
44927
39141
29303
10959
19993
16531
12519
30406
159384
60596
14992
17243
15112
265717
12909
42596
20008
32984
439319
19458
19926
144086
13840
21686
12890
14590
17024
20689
12778
15036
112703
15895
14471
13617
12364
13996
49058
13359
12066
12003
10062
13565
24949
11284

SB
DV
MS
TK

30048
28002
22270
17330
results end here -------------------------------------------------------
