results start here -------------------------------------------------------
30254648
18640826
12880231
5938729
4864094
1255556
909463
0
0
0
0

138
63
20
28
14
25
0
0
0
0

102
52
15
21
14
11
0
0
0
0

64
31
9
17
10
4
0
0
0
0

1
2
3
4
5
6
0
0
0
0
PROCESSING SQUADS DONE
************************************************************************
***    "Team CloudBot"
************************************************************************
ADD these members to the sheet
2973722
2012068
1397603
304042
494738
426005
309500
241308
149931
1105669
304240
184091
94822
509226
-1
56084
305813
-1
130256
17371
34844
76291
101720
30779
70404
14993
8970
27243
450
48880
17106
11986
16877
61319
232
48866
3750
361
35182
0
6415
0
132
0
13759
5596
3999
0
4552
1866
0
0
0
0
6746
0
703
12890
0
0
0
8685
3348
68
98
0
0
23568
0
0
251058
38342
14481
243
87038
1631439
0
869222
354418
75862
32850
0
7523
0
2096
-1
1295
12190
29548
10826
4852
0
0
1395083
28651
879
19078
3367
50574
18
143353
510845
32024
882
0
0
7496
6343
8
0
0
-1
44695
12912
37548
693
0
0
70100
1016
0
0
118366
6091
120028
0
4020
35055
508835
8713
0
5932
269539
40489
7787
7800
0
0
0
0

SB
Anonymous

106
0
************************************************************************
***    "All for Nash"
************************************************************************
ADD these members to the sheet
5147083
533804
396184
148276
1374075
49068
129551
37901
41211
1129
414
0
12
0
87409
0
188576
123710
69939
19439
0
5878
162786
0
1292008
190413
255
29968
26579
9933
-1
93
11212
0
510
252769
112101
599
0
382
0
0
214450
13297
26305
8556
73
-1
49853
7256
58261
1096
1313
1318263
560548
86016
63149
2215
0
8214
6791
4692
3895
2694

Anonymous

0
************************************************************************
***    "The Trading Club"
************************************************************************
ADD these members to the sheet
4164905
81762
468203
45728
218435
15413
0
1705
0
0
792237
116975
345
0
7562
6741
221
17769
721
0


************************************************************************
***    "Team Fabibi"
************************************************************************
ADD these members to the sheet
-1
253870
64563
42761
19539
90155
113309
39785
45386
14070
11302
19686
1668
28002
0
255204
0
0
1828
192
47259
0
0
26
-1
3734288
0
0
39161
42030


************************************************************************
***    "The Nashians "
************************************************************************
ADD these members to the sheet
40641
14015
-1
168777
96444
15045
63419
253
16606
3615
-1
68
585650
3906
39366
207744


************************************************************************
***    "Gunbot Team"
************************************************************************
ADD these members to the sheet
707408
8150
3100
287
858
120119
0
0
4418
0
13617
0
47302
0
2029
0
0
2171
0
0
0

Anonymous
Anonymous
Anonymous
Anonymous

0
0
0
0
************************************************************************
***    "Solo"
************************************************************************
ADD these members to the sheet
5147083
4164905
2973722
-1
1318263
2012068
1397603
869222
40641
304042
494738
30048
188576
533804
396184
585650
426005
309500
114020
253870
508835
14015
148276
241308
-1
149931
64563
1105669
190413
304240
184091
252769
560548
94822
28193
1631439
707408
52865
1374075
123710
305813
354418
87038
75862
509226
1292008
17106
168777
113309
143353
90155
116975
29548
19539
50574
35055
510845
45386
63419
120028
468203
255204
-1
12167
81762
49068
87409
129551
96444
15256
12190
15045
29968
-1
168202
14037
145897
38342
15413
23568
39785
48880
48866
-1
130256
26579
214450
120119
76291
27229
1395083
48025
63149
112101
69939
21084
37901
45728
35622
218435
792237
972391
28651
162786
47302
42761
34844
10826
32024
101720
75072
49853
39161
40264
86016
41211
70404
38500
40489
28745
61319
47259
17769
19697
19078
10465
17371
22232
269539
42030
56084
19439
24853
27243
30779
3734288
13297
11212
-1
251058
44695
37548
28928
10959
16877
13759
12519
30406
118366
35182
11986
14993
14070
207744
12909
39366
19686
26305
439319
19458
16995
70100
13840
21686
12890
14590
12912
20689
12778
14919
58261
15895
14471
13617
11302
13996
32850

DV
TK
MS

28002
16606
14481
results end here -------------------------------------------------------
