results start here -------------------------------------------------------
19405241
11697883
6308201
3367108
2851914
800889
817374
0
0
0
0

115
44
17
25
14
23
0
0
0
0

85
34
13
17
12
10
0
0
0
0

50
24
8
12
9
3
0
0
0
0

1
2
3
4
6
5
0
0
0
0
PROCESSING SQUADS DONE
************************************************************************
***    "Team CloudBot"
************************************************************************
ADD these members to the sheet
Blue Shadow
titokourage
1978192
1422981
877574
179406
278260
289683
271378
127098
120335
832240
208763
120806
80605
309828
-1
27401
211601
-1
57845
13257
21304
40072
44720
12368
44670
9266
5275
11636
450
36071
14995
8661
10988
33631
232
25718
2674
361
8144
0
799
0
132
0
10988
2449
3093
0
0
1824
0
0
0
0
588
0
703
6374
0
0
0
795
3348
68
0
0
0
23568
0
0
72702
14418
5865
243
59341
1106718
0
829823
266734
75862
1216
0
5711
0
2096
-1
1295
12190
29548
10826
2113
0
0
858147
28651
879
14475
3367
39146
18
90665
258901
30886
713
0
0
7496
3866
8
0
0
-1
44695
4640
20881
488
0
0

Anonymous

0
************************************************************************
***    "All for Nash"
************************************************************************
ADD these members to the sheet
SOS
AMG
2901863
250665
265081
105691
879700
24534
94401
25701
25927
1129
414
0
12
0
48299
0
143973
85001
53767
17115
0
1580
117553
0
782126
113487
255
29968
20757
9032
-1
82
11212
0
295
158762
50102
297
0
382
0
0
75724
13297

Anonymous

0
************************************************************************
***    "The Trading Club"
************************************************************************
ADD these members to the sheet
2723356
54071
344938
24956
66178
15413
0
865
0
0
57044
68014
345
0
7562
4292
68


************************************************************************
***    "Team Fabibi"
************************************************************************
ADD these members to the sheet
-1
197162
43677
22933
18163
63099
91733
29017
38978
9811
6844
9269
1227
27246
0
118126
0
0
0
192
20441
0
0
0
-1
2153989
0


************************************************************************
***    "The Nashians "
************************************************************************
ADD these members to the sheet
40641
14015
112789
109549
53530
15045
60391
0
13865
2801
-1
68
375888
2302
0


************************************************************************
***    "Gunbot Team"
************************************************************************
ADD these members to the sheet
700296
2846
1265
94
207
75446
0
0
3494
0
5215
0
27278
0
1230
0
0
0
0

Anonymous
Anonymous
Anonymous
Anonymous

0
0
0
0
************************************************************************
***    "Solo"
************************************************************************
ADD these members to the sheet
ENADW
ABM
2901863
2723356
1978192
-1
1111557
1422981
877574
829823
40641
179406
278260
30048
143973
250665
265081
375888
289683
271378
98194
197162
261279
14015
105691
127098
112789
120335
43677
832240
113487
208763
120806
158762
355540
80605
28193
1106718
700296
52865
879700
85001
211601
266734
59341
75862
309828
782126
14995
109549
91733
90665
63099
68014
29548
18163
39146
33532
258901
38978
60391
86644
344938
118126
-1
12167
54071
24534
48299
94401
53530
15256
12190
15045
29968
-1
160541
14037
71258
14418
15413
23568
29017
36071
25718
-1
57845
20757
75724
75446
40072
12216
858147
23080
25642
50102
53767
17010
25701
24956
23375
66178
57044
618635
28651
117553
27278
22933
21304
10826
30886
44720
23111
26963
23190
40264
47744
25927
44670
26225
21290
28745
33631
20441
14775
19697
14475
10465
13257
22232
89907
27314
27401
17115
13240
11636
12368
2153989
13297
11212
-1
72702
44695
20881
12680
10348
10988
10988
10547

DV
TK

27246
13865
results end here -------------------------------------------------------
