results start here -------------------------------------------------------
53414702
32223490
21940968
10871842
7448919
2639176
1043933
0
0
0
0

138
63
20
28
14
25
0
0
0
0

106
52
16
23
14
12
0
0
0
0

76
38
9
18
10
4
0
0
0
0

1
2
3
4
5
6
0
0
0
0
PROCESSING SQUADS DONE
************************************************************************
***    "Team CloudBot"
************************************************************************
ADD these members to the sheet
4941534
3521196
2402875
546386
1460400
889013
356598
295200
215195
1114999
515226
300877
102505
954004
-1
56406
385164
-1
1088781
22148
73239
188588
274303
65327
85559
25602
17972
27793
603
95565
18163
21507
29392
74209
749
87641
8854
361
139921
0
23877
0
1645
0
37089
14068
23995
873
4552
1866
0
0
0
0
15805
0
703
12890
36
0
0
8685
3890
68
200
0
0
27516
0
0
841194
49243
36242
243
159778
2818282
0
869222
423516
75862
62026
0
9900
0
2096
-1
1295
12190
-1
10844
10180
0
0
1501423
28651
879
64947
3367
60996
18
360691
860784
32024
960
0
0
9474
41836
8
0
0
-1
44927
28733
58815
4080
0
0
261620
3457
0
0
161384
47092
239943
0
38841
35055
1416264
10520
3723
7106
725458
86769
63427
17320
0
3192
0
0
29653

SB
Anonymous

6269
0
************************************************************************
***    "All for Nash"
************************************************************************
ADD these members to the sheet
8572041
964105
813444
191428
1947810
65627
225850
52232
41211
2644
1390
0
12
0
130481
0
188576
482242
96488
34104
0
5878
192438
0
2400415
488649
436
30127
32836
13716
-1
238
13330
0
571
438088
258207
6556
0
382
0
0
617631
19206
32984
12489
89
-1
113616
16436
112703
1096
11076
1355173
1039973
775980
81203
2215
0
18259
12766
10467
7969
8061

Anonymous

0
************************************************************************
***    "The Trading Club"
************************************************************************
ADD these members to the sheet
7383401
157521
792270
56346
1012019
19385
0
3834
0
0
1244530
145844
5694
787
7562
8924
673
31678
1366
0


************************************************************************
***    "Team Fabibi"
************************************************************************
ADD these members to the sheet
-1
301770
92931
132175
19732
122011
137884
59890
65705
18064
18580
20490
3869
33680
0
463316
164
137
3350
12585
68038
0
0
26
-1
5779904
0
0
41619
52988


************************************************************************
***    "The Nashians "
************************************************************************
ADD these members to the sheet
41125
14721
-1
173496
180058
16507
63424
722
19145
7432
-1
68
1614564
9752
53928
444228


************************************************************************
***    "Gunbot Team"
************************************************************************
ADD these members to the sheet
711902
9319
3149
1297
6080
224692
0
0
6413
1832
15314
0
59729
0
2029
0
0
2171
0
0
0

Anonymous
Anonymous
Anonymous
Anonymous

0
0
0
0
************************************************************************
***    "Solo"
************************************************************************
ADD these members to the sheet
8572041
7383401
4941534
-1
1355173
3521196
2402875
869222
41125
546386
1460400
74151
188576
964105
813444
1614564
889013
356598
226346
301770
1416264
14721
191428
295200
-1
215195
92931
1114999
488649
515226
300877
438088
1039973
102505
28272
2818282
711902
1050527
1947810
482242
385164
423516
159778
75862
954004
2400415
18163
173496
137884
360691
122011
145844
-1
19732
60996
35055
860784
65705
63424
239943
792270
463316
-1
12167
157521
65627
130481
225850
180058
15256
12190
16507
30127
-1
168202
14037
295612
49243
19385
27516
59890
95565
87641
-1
1088781
32836
617631
224692
188588
168905
1501423
98315
139962
258207
96488
83513
52232
56346
40042
1012019
1244530
972391
28651
192438
59729
132175
73239
10844
32024
274303
154262
113616
41619
40264
775980
41211
85559
50306
86769
28745
74209
68038
31678
19697
64947
11326
22148
30304
725458
52988
56406
34104
53853
27793
65327
5779904
19206
13330
-1
841194
44927
58815
88189
17221
29392
37089
12519
252212
161384
139921
21507
25602
18064
444228
67435
53928
20490
32984
-1
28498
46681
261620
13840
21686
12890
19428
28733
27006
12778
18904
112703
27880
18230
15314
18580
81467
62026
22781
19254
12003
13716
23877
63427
13983
18259
38841
17320
224664
158446
12218
11037
17972
16590
12770
17443
12489
46090
15805
10200
29653
16436
12246
102271
27197
21943
24822
10520
10653
13227
11076
123251
15317
16244
23995
118445
12585
12159
12766
14068
10467
41836
30969
10167
78567
10180
31001
13498
10199
11472
24488
22237
10096
59164
19711
34816
38239
14114

MS
MA
SB
MS
DV
Anonymous
PA
VM
TK
MA
FGH

114268
81203
47092
36242
33680
26315
20542
19458
19145
12302
11938
results end here -------------------------------------------------------
