results start here -------------------------------------------------------
60176295
34841402
23989538
11659775
8002510
3079631
1085645
0
0
0
0

138
63
20
28
14
25
0
0
0
0

106
52
17
24
14
12
0
0
0
0

77
39
10
18
10
4
0
0
0
0

1
2
3
4
5
6
0
0
0
0
PROCESSING SQUADS DONE
************************************************************************
***    "Team CloudBot"
************************************************************************
ADD these members to the sheet
5428630
3913989
2433597
621320
1611866
968977
357577
295200
243245
1119487
560613
318807
102505
1030400
-1
56406
385164
-1
1232323
22148
87429
212785
325430
75646
196157
28337
22429
27793
603
105769
19444
25396
33666
181672
1164
106583
9804
361
168380
0
29174
0
1645
0
44679
18675
25123
1403
4552
1866
0
0
0
0
15805
0
703
12890
36
0
0
8685
3890
68
200
0
0
32094
0
0
988864
49243
39617
243
159778
2833838
0
869222
449583
75862
66161
0
10090
0
2096
-1
1295
12190
-1
10844
10180
0
0
1501423
28651
879
76433
3367
61900
18
412476
896599
32024
960
0
0
9917
75999
8
0
0
-1
44927
28733
65314
4627
0
0
284574
4035
0
0
161384
47092
285492
0
51074
35055
1416264
10520
3723
7106
933155
107686
79062
20062
0
3192
0
0
29653

SB
Anonymous

6269
0
************************************************************************
***    "All for Nash"
************************************************************************
ADD these members to the sheet
9105135
1029007
921914
191428
2028641
69225
245071
52282
41211
2644
1390
0
12
0
134440
0
188576
559096
103217
36235
0
7398
212686
0
2663998
571247
436
30127
32836
18176
-1
238
13330
0
571
483605
294310
12771
0
407
0
0
768797
24550
32984
12489
89
-1
122252
19261
112703
1096
11076
1364302
1136070
1184576
81499
2215
0
20626
14087
10467
9251
9462

Anonymous

0
************************************************************************
***    "The Trading Club"
************************************************************************
ADD these members to the sheet
7933351
172180
843552
56346
1175606
19646
0
3834
0
0
1246262
145844
6547
1961
7562
12881
791
31678
1366
360


************************************************************************
***    "Team Fabibi"
************************************************************************
ADD these members to the sheet
-1
301770
92931
135213
19732
131743
137884
67160
73758
18064
19097
20733
4053
33680
0
581485
164
137
3350
12633
68038
0
12
44
-1
6185806
0
0
41619
53393


************************************************************************
***    "The Nashians "
************************************************************************
ADD these members to the sheet
41125
15129
-1
173496
219052
16538
66624
752
19340
8502
-1
68
1977483
9956
59738
471822


************************************************************************
***    "Gunbot Team"
************************************************************************
ADD these members to the sheet
712486
9319
3149
1297
8068
254116
0
0
8112
1832
16558
0
66503
0
2029
0
0
2171
0
0
0

Anonymous
Anonymous
Anonymous
Anonymous

0
0
0
0
************************************************************************
***    "Solo"
************************************************************************
ADD these members to the sheet
9105135
7933351
5428630
-1
1364302
3913989
2433597
869222
41125
621320
1611866
87642
188576
1029007
921914
1977483
968977
357577
348455
301770
1416264
15129
191428
295200
-1
243245
92931
1119487
571247
560613
318807
483605
1136070
102505
28477
2833838
712486
1671902
2028641
559096
385164
449583
159778
75862
1030400
2663998
19444
173496
137884
412476
131743
145844
-1
19732
61900
35055
896599
73758
66624
285492
843552
581485
-1
12167
172180
69225
134440
245071
219052
15256
12190
16538
30127
-1
168202
14133
367261
49243
19646
32094
67160
105769
106583
-1
1232323
32836
768797
254116
212785
171315
1501423
98315
139962
294310
103217
101440
52282
56346
42356
1175606
1246262
972391
28651
212686
66503
135213
87429
10844
32024
325430
198549
122252
41619
40264
1184576
41211
196157
57597
107686
28745
181672
68038
31678
19697
76433
11326
22148
30304
933155
53393
56406
36235
53853
27793
75646
6185806
24550
13330
-1
988864
44927
65314
88189
17246
33666
44679
13042
265657
161384
168380
25396
28337
18064
471822
67866
59738
20733
32984
-1
39070
54339
284574
13840
21686
12890
19428
28733
27006
12778
20807
112703
27880
18783
16558
19097
110227
66161
27545
23528
12003
18176
29174
79062
13983
20626
51074
20062
224664
158446
19913
11037
22429
16590
14751
23649
12489
71205
15805
10200
29653
19261
13917
102271
27197
26427
27790
10520
10653
15840
11076
123251
26352
19139
25123
118445
12633
12159
14087
18675
10467
75999
30969
12576
109448
10180
31001
20935
10199
12873
24488
26754
10096
172631
40883
72176
123547
14114
16881
18202
236594
10090
12881
14026
12771
18299
15089
18440
12632
10292

MS
PA
MA
SB
MS
DV
Anonymous
VM
TK
MA
FGH

233109
101155
81499
47092
39617
33680
26377
19458
19340
14709
11938
results end here -------------------------------------------------------
