results start here -------------------------------------------------------
38290414
24277724
15467799
7959086
6069188
1751459
968595
0
0
0
0

138
63
20
28
14
25
0
0
0
0

103
52
16
22
14
11
0
0
0
0

71
35
9
17
10
4
0
0
0
0

1
2
3
4
5
6
0
0
0
0
PROCESSING SQUADS DONE
************************************************************************
***    "Team CloudBot"
************************************************************************
ADD these members to the sheet
3582376
2609939
1999423
399240
796213
537870
344264
295200
180275
1114999
402207
250324
102505
650493
-1
56084
385164
-1
587910
18907
48712
125227
173866
49034
74058
20054
13049
27793
603
66505
17106
17950
23520
66865
409
72249
5259
361
77958
0
20411
0
1258
0
26962
6514
7560
0
4552
1866
0
0
0
0
11427
0
703
12890
0
0
0
8685
3367
68
200
0
0
23568
0
0
439726
49243
26275
243
137843
1964536
0
869222
405111
75862
58271
0
8597
0
2096
-1
1295
12190
-1
10826
6954
0
0
1501423
28651
879
26665
3367
60996
18
249458
737465
32024
960
0
0
9474
6343
8
0
0
-1
44927
19316
40911
693
0
0
178440
2779
0
0
159601
47092
192815
0
23236
35055
813534
9882
0
6843
505938
56256
39024
12298
0
3192
0
0
29548

SB
Anonymous

6269
0
************************************************************************
***    "All for Nash"
************************************************************************
ADD these members to the sheet
5698731
701738
577057
184872
1717617
60178
171550
42771
41211
1129
1390
0
12
0
121098
0
188576
137562
73040
24780
0
5878
177018
0
1755907
267051
255
29968
32836
10108
-1
238
12884
0
571
339035
163399
599
0
382
0
0
378667
19079
32984
12489
73
-1
76934
10542
112703
1096
8227
1348906
711849
99541
73286
2215
0
12413
9331
7547
5738
4716

Anonymous

0
************************************************************************
***    "The Trading Club"
************************************************************************
ADD these members to the sheet
5334988
116858
609419
50219
535592
17462
0
3664
0
0
1126427
116975
741
110
7562
7232
673
30435
721
0


************************************************************************
***    "Team Fabibi"
************************************************************************
ADD these members to the sheet
-1
301579
72826
132175
19643
112473
127071
56271
58464
17434
15246
20008
2148
29736
0
330255
0
137
3350
192
60862
0
0
26
-1
4617570
0
0
41284
50428


************************************************************************
***    "The Nashians "
************************************************************************
ADD these members to the sheet
41125
14387
-1
171949
123051
16476
63419
253
18535
5362
-1
68
920211
6260
42596
327762


************************************************************************
***    "Gunbot Team"
************************************************************************
ADD these members to the sheet
709926
8219
3149
1297
2369
163858
0
0
4999
0
14536
0
56036
0
2029
0
0
2171
0
0
0

Anonymous
Anonymous
Anonymous
Anonymous

0
0
0
0
************************************************************************
***    "Solo"
************************************************************************
ADD these members to the sheet
MSG
5698731
5334988
3582376
-1
1348906
2609939
1999423
869222
41125
399240
796213
47092
188576
701738
577057
920211
537870
344264
146311
301579
813534
14387
184872
295200
-1
180275
72826
1114999
267051
402207
250324
339035
711849
102505
28217
1964536
709926
52865
1717617
137562
385164
405111
137843
75862
650493
1755907
17106
171949
127071
249458
112473
116975
-1
19643
60996
35055
737465
58464
63419
192815
609419
330255
-1
12167
116858
60178
121098
171550
123051
15256
12190
16476
29968
-1
168202
14037
189812
49243
17462
23568
56271
66505
72249
-1
587910
32836
378667
163858
125227
101469
1501423
93446
73286
163399
73040
36556
42771
50219
40042
535592
1126427
972391
28651
177018
56036
132175
48712
10826
32024
173866
133413
76934
41284
40264
99541
41211
74058
45572
56256
28745
66865
60862
30435
19697
26665
10465
18907
22232
505938
50428
56084
24780
53853
27793
49034
4617570
19079
12884
-1
439726
44927
40911
42729
16644
23520
26962
12519
66403
159601
77958
17950
20054
17434
327762
32936
42596
20008
32984
439319
19458
19926
178440
13840
21686
12890
19428
19316
27006
12778
15085
112703
15895
17291
14536
15246
28176
58271
16447
19254
12003
10108
20411
39024
11284
12413
23236
12298
224664
31642
12160
11037
13049
10602
10069
11512
12489
12365
11427
10200
29548
10542

SB
DV
MS
TK
FGH
MA

44695
29736
26275
18535
11938
10389
results end here -------------------------------------------------------
