results start here -------------------------------------------------------
31900867
19680032
13276043
6347682
5378419
1303480
929055
0
0
0
0

138
63
20
28
14
25
0
0
0
0

102
52
16
21
14
11
0
0
0
0

64
32
9
17
10
4
0
0
0
0

1
2
3
4
5
6
0
0
0
0
PROCESSING SQUADS DONE
************************************************************************
***    "Team CloudBot"
************************************************************************
ADD these members to the sheet
3072636
2124922
1482657
324420
530446
452342
320239
244286
160056
1105669
324716
195368
102505
539303
-1
56084
331048
-1
164405
18663
37586
88587
108334
34305
71867
15153
9022
27754
450
51226
17106
12345
18596
64432
232
54404
4376
361
47798
0
9367
0
132
0
16531
5747
3999
0
4552
1866
0
0
0
0
8036
0
703
12890
0
0
0
8685
3348
68
98
0
0
23568
0
0
279210
38345
18804
243
95023
1686771
0
869222
360104
75862
44885
0
7523
0
2096
-1
1295
12190
29548
10826
5350
0
0
1501423
28651
879
20440
3367
54120
18
159347
531451
32024
934
0
0
7496
6343
8
0
0
-1
44695
13414
37548
693
0
0
99791
1579
0
0
144124
6091
136472
0
9703
35055
561667
8713
0
5962
316987
44335
8032
7930
0
0
0
0

SB
Anonymous

106
0
************************************************************************
***    "All for Nash"
************************************************************************
ADD these members to the sheet
5237586
552091
416598
149297
1463410
49068
129551
38520
41211
1129
1390
0
12
0
105207
0
188576
130245
69939
20684
0
5878
166390
0
1321055
204360
255
29968
26579
10062
-1
93
11633
0
510
266395
122509
599
0
382
0
0
214450
13297
31776
8556
73
-1
55118
7492
80370
1096
2507
1338986
578097
88799
65026
2215
0
8332
7220
4692
3973
2760

Anonymous

0
************************************************************************
***    "The Trading Club"
************************************************************************
ADD these members to the sheet
4402660
92038
496930
45891
290134
15413
0
1705
0
0
848522
116975
345
28
7562
7138
221
21391
721
0


************************************************************************
***    "Team Fabibi"
************************************************************************
ADD these members to the sheet
-1
266375
69161
50329
19643
90155
115309
42395
48813
14715
11538
20008
1794
28002
0
255204
0
0
2846
192
52774
0
0
26
-1
4202427
0
0
39161
47542


************************************************************************
***    "The Nashians "
************************************************************************
ADD these members to the sheet
40641
14015
-1
168777
99176
15045
63419
253
16606
4082
-1
68
615117
4349
39366
222558


************************************************************************
***    "Gunbot Team"
************************************************************************
ADD these members to the sheet
708766
8150
3100
1297
1267
134318
0
0
4978
0
13617
0
49357
0
2029
0
0
2171
0
0
0

Anonymous
Anonymous
Anonymous
Anonymous

0
0
0
0
************************************************************************
***    "Solo"
************************************************************************
ADD these members to the sheet
5237586
4402660
3072636
-1
1338986
2124922
1482657
869222
40641
324420
530446
30048
188576
552091
416598
615117
452342
320239
125228
266375
561667
14015
149297
244286
-1
160056
69161
1105669
204360
324716
195368
266395
578097
102505
28193
1686771
708766
52865
1463410
130245
331048
360104
95023
75862
539303
1321055
17106
168777
115309
159347
90155
116975
29548
19643
54120
35055
531451
48813
63419
136472
496930
255204
-1
12167
92038
49068
105207
129551
99176
15256
12190
15045
29968
-1
168202
14037
153205
38345
15413
23568
42395
51226
54404
-1
164405
26579
214450
134318
88587
28995
1501423
56795
65026
122509
69939
21084
38520
45891
35622
290134
848522
972391
28651
166390
49357
50329
37586
10826
32024
108334
75420
55118
39161
40264
88799
41211
71867
38500
44335
28745
64432
52774
21391
19697
20440
10465
18663
22232
316987
47542
56084
20684
39912
27754
34305
4202427
13297
11633
-1
279210
44695
37548
29303
10959
18596
16531
12519
30406
144124
47798
12345
15153
14715
222558
12909
39366
20008
31776
439319
19458
16995
99791
13840
21686
12890
14590
13414
20689
12778
14919
80370
15895
14471
13617
11538
13996
44885
13359
11261
12003
10062

DV
MS
TK

28002
18804
16606
results end here -------------------------------------------------------
