results start here -------------------------------------------------------
72283829
41174465
29317003
13580096
8159843
3653845
1115674
0
0
0
0

138
63
20
28
14
25
0
0
0
0

108
52
17
24
14
12
0
0
0
0

80
39
11
18
12
4
0
0
0
0

1
2
3
4
5
6
0
0
0
0
PROCESSING SQUADS DONE
************************************************************************
***    "Team CloudBot"
************************************************************************
ADD these members to the sheet
6888791
4976102
2433597
782103
1809428
1320509
357577
295200
372307
1148427
724229
341110
102505
1536976
-1
56406
385164
-1
1321726
25297
114024
268213
464425
83464
205778
28975
26484
27974
603
138019
19444
26736
48784
196354
2002
111687
10077
361
224345
0
51794
0
1645
0
47219
18675
26855
1403
4552
1866
0
160
0
0
15954
0
703
12890
36
0
0
8685
9508
68
208
0
1521
32094
0
0
1531141
49243
43210
243
159778
3025381
0
869222
533982
75862
70133
0
11587
0
2096
-1
2776
12190
-1
10844
10180
0
0
1501423
28651
879
131528
3367
63089
18
554194
916109
32024
1368
0
0
11264
91963
8
0
0
-1
44927
29529
73786
21956
0
0
341461
5215
0
0
161384
47092
370592
0
56283
35055
1634159
11003
4203
7106
1189165
116873
108502
22212
0
3192
0
0
29653

SB
Anonymous

6269
0
************************************************************************
***    "All for Nash"
************************************************************************
ADD these members to the sheet
12099746
1141152
1077544
191428
2232675
78872
268345
53670
41211
2644
1390
0
152
0
137571
0
188576
746998
107918
39359
0
7409
622888
0
2769747
709582
635
30127
33317
21532
-1
238
13330
0
571
607684
311033
20751
0
7688
0
0
855705
34228
32984
12489
546
-1
127504
24306
112703
1096
11076
1654644
1436753
1292735
83305
2215
0
24843
14881
10467
9251
9462

Anonymous

0
************************************************************************
***    "The Trading Club"
************************************************************************
ADD these members to the sheet
9366018
245795
937261
56346
1483112
19646
0
4045
0
0
1247807
146083
10034
3566
7562
17897
791
31678
1485
962


************************************************************************
***    "Team Fabibi"
************************************************************************
ADD these members to the sheet
-1
301770
108200
135213
19979
132056
141650
75209
74724
18229
19246
20733
4204
33885
0
581485
164
1854
3350
12723
68038
0
12
2329
-1
6300577
0
0
50591
53608


************************************************************************
***    "The Nashians "
************************************************************************
ADD these members to the sheet
50817
16321
-1
173549
237203
16538
66624
1755
19340
10498
-1
68
2470446
11742
66053
512886


************************************************************************
***    "Gunbot Team"
************************************************************************
ADD these members to the sheet
712486
9319
3149
1297
8973
278577
0
0
8642
3856
16558
0
68612
0
2029
0
0
2171
0
0
0

Anonymous
Anonymous
Anonymous
Anonymous

0
0
0
0
************************************************************************
***    "Solo"
************************************************************************
ADD these members to the sheet
Defi
12099746
9366018
6888791
-1
1654644
4976102
2433597
869222
50817
782103
1809428
119743
188576
1141152
1077544
2470446
1320509
357577
365807
301770
1634159
16321
191428
295200
-1
372307
108200
1148427
709582
724229
341110
607684
1436753
102505
28477
3025381
712486
2318852
2232675
746998
385164
533982
159778
75862
1536976
2769747
19444
173549
141650
554194
132056
146083
-1
19979
63089
35055
916109
74724
66624
370592
937261
581485
-1
12167
245795
78872
137571
268345
237203
15256
12190
16538
30127
-1
168202
15560
492136
49243
19646
32094
75209
138019
111687
-1
1321726
33317
855705
278577
268213
189491
1501423
98315
139962
311033
107918
134105
53670
56346
44681
1483112
1247807
1052707
28651
622888
68612
135213
114024
10844
32024
464425
198549
127504
50591
40264
1292735
41211
205778
66400
116873
70352
196354
68038
31678
19697
131528
11326
25297
58123
1189165
53608
56406
39359
53853
27974
83464
6300577
34228
13330
-1
1531141
44927
73786
88189
17246
48784
47219
13042
265657
161384
224345
26736
28975
18229
512886
82843
66053
20733
32984
-1
39070
54862
341461
13840
21686
12890
19428
29529
27006
12778
20807
112703
27880
18783
16558
19246
121790
70133
27545
29861
12003
21532
51794
108502
14914
24843
56283
22212
224664
161456
19979
22231
26484
40936
16718
29858
12489
105556
15954
16512
29653
24306
16806
102271
27471
26427
126636
11003
13469
15840
11076
123251
36750
19753
26855
118455
12723
12159
14881
18675
10467
91963
31067
12576
138252
10180
70752
33754
11743
14206
24488
26754
11695
186469
40883
72176
144636
25610
16881
23788
277699
11587
17897
14026
20751
22402
25469
87324
12632
11699
11264
32593
10077
11742
13546
21956
10547
15960
11278
11407
10034
12932
10498
26301
12188
74588
15667
14650
13921
10972

MS
PA
MA
SB
MS
DV
GB
Anonymous
FGH
VM
TK
MA
MB

259155
107607
83305
47092
43210
33885
31001
26377
23879
19458
19340
14709
11327
results end here -------------------------------------------------------
