results start here -------------------------------------------------------
36386414
22869489
14950320
7436137
5858815
1616793
953816
0
0
0
0

138
63
20
28
14
25
0
0
0
0

102
52
16
21
14
11
0
0
0
0

70
33
9
17
10
4
0
0
0
0

1
2
3
4
5
6
0
0
0
0
PROCESSING SQUADS DONE
************************************************************************
***    "Team CloudBot"
************************************************************************
ADD these members to the sheet
3423508
2435330
1927331
369765
671825
509777
340035
286029
173512
1114999
365232
235261
102505
595870
-1
56084
385164
-1
477065
18907
43556
110338
150284
44471
73421
18209
12221
27793
603
60891
17106
16676
22113
66865
272
67714
4794
361
65205
0
18178
0
132
0
23411
6052
4324
0
4552
1866
0
0
0
0
9799
0
703
12890
0
0
0
8685
3367
68
200
0
0
23568
0
0
388352
49168
24925
243
122900
1923860
0
869222
388310
75862
54005
0
8239
0
2096
-1
1295
12190
29548
10826
5944
0
0
1501423
28651
879
24763
3367
60996
18
217207
650704
32024
960
0
0
7496
6343
8
0
0
-1
44927
17121
39141
693
0
0
153363
2619
0
0
159601
47092
171332
0
20741
35055
740446
9288
0
6200
414203
49077
30940
10799
0
0
0
0

SB
Anonymous

6091
0
************************************************************************
***    "All for Nash"
************************************************************************
ADD these members to the sheet
5689809
651674
510471
180062
1638431
55362
152474
41996
41211
1129
1390
0
12
0
112104
0
188576
137562
69939
23379
0
5878
173584
0
1639282
242839
255
29968
32687
10108
-1
93
12438
0
571
310404
144292
599
0
382
0
0
378667
19079
32984
9795
73
-1
66696
8388
112703
1096
8227
1348906
667759
93134
66337
2215
0
10817
8507
7547
4840
3562

Anonymous

0
************************************************************************
***    "The Trading Club"
************************************************************************
ADD these members to the sheet
5016941
108593
584741
47848
448881
16462
0
3664
0
0
1048893
116975
345
110
7562
7232
541
26621
721
0


************************************************************************
***    "Team Fabibi"
************************************************************************
ADD these members to the sheet
-1
298477
72826
132175
19643
99238
122683
56271
57680
16703
13305
20008
1899
28250
0
304491
0
0
3350
192
59955
0
0
26
-1
4459923
0
0
41284
50428


************************************************************************
***    "The Nashians "
************************************************************************
ADD these members to the sheet
40641
14015
-1
170461
118022
16476
63419
253
17330
4775
-1
68
839153
5091
42596
284488


************************************************************************
***    "Gunbot Team"
************************************************************************
ADD these members to the sheet
708865
8150
3143
1297
1913
154822
0
0
4999
0
13617
0
52806
0
2029
0
0
2171
0
0
0

Anonymous
Anonymous
Anonymous
Anonymous

0
0
0
0
************************************************************************
***    "Solo"
************************************************************************
ADD these members to the sheet
5689809
5016941
3423508
-1
1348906
2435330
1927331
869222
40641
369765
671825
47092
188576
651674
510471
839153
509777
340035
136419
298477
740446
14015
180062
286029
-1
173512
72826
1114999
242839
365232
235261
310404
667759
102505
28193
1923860
708865
52865
1638431
137562
385164
388310
122900
75862
595870
1639282
17106
170461
122683
217207
99238
116975
29548
19643
60996
35055
650704
57680
63419
171332
584741
304491
-1
12167
108593
55362
112104
152474
118022
15256
12190
16476
29968
-1
168202
14037
170741
49168
16462
23568
56271
60891
67714
-1
477065
32687
378667
154822
110338
83988
1501423
84018
66337
144292
69939
32692
41996
47848
35622
448881
1048893
972391
28651
173584
52806
132175
43556
10826
32024
150284
85589
66696
41284
40264
93134
41211
73421
43240
49077
28745
66865
59955
26621
19697
24763
10465
18907
22232
414203
50428
56084
23379
51846
27793
44471
4459923
19079
12438
-1
388352
44927
39141
30302
10959
22113
23411
12519
30406
159601
65205
16676
18209
16703
284488
26207
42596
20008
32984
439319
19458
19926
153363
13840
21686
12890
15812
17121
27006
12778
15036
112703
15895
14471
13617
13305
13996
54005
16447
12066
12003
10108
18178
30940
11284
10817
20741
10799
158294
31642
12102
11037
12221

SB
DV
MS
TK
FGH
MA

31583
28250
24925
17330
11938
10281
results end here -------------------------------------------------------
