results start here -------------------------------------------------------
66441473
38042548
26362188
13005033
8150230
3446667
1103103
0
0
0
0

138
63
20
28
14
25
0
0
0
0

107
52
17
24
14
12
0
0
0
0

80
39
11
18
11
4
0
0
0
0

1
2
3
4
5
6
0
0
0
0
PROCESSING SQUADS DONE
************************************************************************
***    "Team CloudBot"
************************************************************************
ADD these members to the sheet
6112386
4352372
2433597
700981
1809428
1131751
357577
295200
315997
1148427
621839
341059
102505
1224006
-1
56406
385164
-1
1321516
25297
107644
231809
389997
81654
203671
28975
25311
27793
603
121798
19444
26736
40998
190399
1809
111687
10077
361
202353
0
37383
0
1645
0
47219
18675
26855
1403
4552
1866
0
0
0
0
15805
0
703
12890
36
0
0
8685
6656
68
200
0
971
32094
0
0
1220267
49243
43210
243
159778
3025381
0
869222
502953
75862
69716
0
11587
0
2096
-1
1295
12190
-1
10844
10180
0
0
1501423
28651
879
103244
3367
63089
18
482212
916109
32024
1161
0
0
10874
91963
8
0
0
-1
44927
29529
72776
16217
0
0
313422
5048
0
0
161384
47092
331057
0
56283
35055
1474575
11003
4203
7106
1072539
115031
108502
22212
0
3192
0
0
29653

SB
Anonymous

6269
0
************************************************************************
***    "All for Nash"
************************************************************************
ADD these members to the sheet
10177068
1089067
1016755
191428
2122255
75866
260163
53571
41211
2644
1390
0
152
0
137275
0
188576
695715
107132
39359
0
7409
352503
0
2769747
646987
635
30127
32836
20770
-1
238
13330
0
571
538972
310856
19397
0
7688
0
0
855705
30036
32984
12489
546
-1
127504
21861
112703
1096
11076
1484106
1301123
1264815
83305
2215
0
24843
14881
10467
9251
9462

Anonymous

0
************************************************************************
***    "The Trading Club"
************************************************************************
ADD these members to the sheet
8900215
197524
901236
56346
1459891
19646
0
3834
0
0
1247807
146083
10034
2633
7562
17897
791
31678
1485
360


************************************************************************
***    "Team Fabibi"
************************************************************************
ADD these members to the sheet
-1
301770
108200
135213
19732
131896
140456
70819
74664
18198
19097
20733
4172
33885
0
581485
164
983
3350
12633
68038
0
12
44
-1
6300577
0
0
50491
53608


************************************************************************
***    "The Nashians "
************************************************************************
ADD these members to the sheet
47476
15129
-1
173549
236989
16538
66624
780
19340
9888
-1
68
2290619
10763
66053
492845


************************************************************************
***    "Gunbot Team"
************************************************************************
ADD these members to the sheet
712486
9319
3149
1297
8973
267275
0
0
8112
3856
16558
0
67872
0
2029
0
0
2171
0
0
0

Anonymous
Anonymous
Anonymous
Anonymous

0
0
0
0
************************************************************************
***    "Solo"
************************************************************************
ADD these members to the sheet
10177068
8900215
6112386
-1
1484106
4352372
2433597
869222
47476
700981
1809428
119743
188576
1089067
1016755
2290619
1131751
357577
365807
301770
1474575
15129
191428
295200
-1
315997
108200
1148427
646987
621839
341059
538972
1301123
102505
28477
3025381
712486
2318852
2122255
695715
385164
502953
159778
75862
1224006
2769747
19444
173549
140456
482212
131896
146083
-1
19732
63089
35055
916109
74664
66624
331057
901236
581485
-1
12167
197524
75866
137275
260163
236989
15256
12190
16538
30127
-1
168202
15560
427195
49243
19646
32094
70819
121798
111687
-1
1321516
32836
855705
267275
231809
189491
1501423
98315
139962
310856
107132
108636
53571
56346
44681
1459891
1247807
972391
28651
352503
67872
135213
107644
10844
32024
389997
198549
127504
50491
40264
1264815
41211
203671
66400
115031
68637
190399
68038
31678
19697
103244
11326
25297
30304
1072539
53608
56406
39359
53853
27793
81654
6300577
30036
13330
-1
1220267
44927
72776
88189
17246
40998
47219
13042
265657
161384
202353
26736
28975
18198
492845
82843
66053
20733
32984
-1
39070
54862
313422
13840
21686
12890
19428
29529
27006
12778
20807
112703
27880
18783
16558
19097
121790
69716
27545
29176
12003
20770
37383
108502
13983
24843
56283
22212
224664
161456
19979
22231
25311
34764
16718
29858
12489
92826
15805
13390
29653
21861
14779
102271
27471
26427
96324
11003
11424
15840
11076
123251
29834
19753
26855
118455
12633
12159
14881
18675
10467
91963
31067
12576
138252
10180
31001
24008
10199
14206
24488
26754
11037
186469
40883
72176
144636
25610
16881
18202
277699
11587
17897
14026
19397
22402
15089
50262
12632
11323
10874
32593
10077
10763
13546
16217
10547
13623
11278
10954
10034

MS
PA
MA
SB
MS
DV
Anonymous
FGH
VM
TK
MA
GB

242712
107412
83305
47092
43210
33885
26377
23879
19458
19340
14709
12793
results end here -------------------------------------------------------
