results start here -------------------------------------------------------
26095143
15026576
8822846
4843982
4053554
1090715
889248
0
0
0
0

124
51
18
27
14
24
0
0
0
0

92
41
14
20
13
11
0
0
0
0

58
26
9
15
10
3
0
0
0
0

1
2
3
4
5
6
0
0
0
0
PROCESSING SQUADS DONE
************************************************************************
***    "Team CloudBot"
************************************************************************
ADD these members to the sheet
AMC
2560499
1651361
1166171
264816
361251
348895
288239
219792
125011
1089257
266503
152611
94822
354834
-1
46397
272678
-1
115325
15737
28560
55401
85825
21131
58186
12568
7165
26051
450
42929
17106
11558
14527
55105
232
40845
3209
361
21503
0
1751
0
132
0
12785
4083
3487
0
4552
1866
0
0
0
0
4477
0
703
12890
0
0
0
3819
3348
68
0
0
0
23568
0
0
160634
27875
8933
243
67766
1365823
0
865980
314613
75862
3583
0
6668
0
2096
-1
1295
12190
29548
10826
3122
0
0
1206251
28651
879
17361
3367
45119
18
120923
345242
32024
882
0
0
7496
6343
8
0
0
-1
44695
10758
34474
693
0
0
29888
736
0
0
49795
106
107901
0
1422

Anonymous

0
************************************************************************
***    "All for Nash"
************************************************************************
ADD these members to the sheet
MSG
ATC
DHY
3982571
467421
343453
139809
1155377
46244
129551
32596
33125
1129
414
0
12
0
71324
0
169073
104377
67888
18281
0
5878
149943
0
1158414
152806
255
29968
20816
9638
-1
93
11212
0
510
206061
70434
599
0
382
0
0
153550
13297
15797
8556
73
-1
40826
6959
3018
1096

Anonymous

0
************************************************************************
***    "The Trading Club"
************************************************************************
ADD these members to the sheet
3605613
68056
378351
35326
119546
15413
0
865
0
0
476373
115550
345
0
7562
5913
145
14918


************************************************************************
***    "Team Fabibi"
************************************************************************
ADD these members to the sheet
-1
236494
50271
22933
18652
88373
108914
33763
43242
11316
9351
14758
1333
28002
0
209211
0
0
1510
192
29691
0
0
21
-1
3107308
0
0
38212


************************************************************************
***    "The Nashians "
************************************************************************
ADD these members to the sheet
40641
14015
-1
155730
70014
15045
62414
0
16606
3076
-1
68
514315
3092
29495
166200


************************************************************************
***    "Gunbot Team"
************************************************************************
ADD these members to the sheet
707408
8150
3100
276
305
108992
0
0
4418
0
8893
0
43501
0
2029
0
0
2171
0
0

Anonymous
Anonymous
Anonymous
Anonymous

0
0
0
0
************************************************************************
***    "Solo"
************************************************************************
ADD these members to the sheet
JMPRDA
luki
ZD
NATEnTATE
3982571
3605613
2560499
-1
1189915
1651361
1166171
865980
40641
264816
361251
30048
169073
467421
343453
514315
348895
288239
104126
236494
361158
14015
139809
219792
-1
125011
50271
1089257
152806
266503
152611
206061
446138
94822
28193
1365823
707408
52865
1155377
104377
272678
314613
67766
75862
354834
1158414
17106
155730
108914
120923
88373
115550
29548
18652
45119
35055
345242
43242
62414
107901
378351
209211
-1
12167
68056
46244
71324
129551
70014
15256
12190
15045
29968
-1
168202
14037
108605
27875
15413
23568
33763
42929
40845
-1
115325
20816
153550
108992
55401
17067
1206251
35130
53907
70434
67888
18684
32596
35326
33547
119546
476373
972391
28651
149943
43501
22933
28560
10826
32024
85825
58533
40826
38212
40264
79760
33125
58186
30793
31561
28745
55105
29691
14918
19697
17361
10465
15737
22232
165227
36419
46397
18281
15093
26051
21131
3107308
13297
11212
-1
160634
44695
34474
16139
10959
14527
12785
12519
30406
49795
21503
11558
12568
11316
166200
12909
29495
14758
15797
439319
19458
16995
29888
13840
21686
12890
12138
10758

DV
TK

28002
16606
results end here -------------------------------------------------------
