results start here -------------------------------------------------------
42280035
26562445
16900367
8701886
6379060
2037351
1000538
0
0
0
0

138
63
20
28
14
25
0
0
0
0

105
52
16
22
14
11
0
0
0
0

73
36
9
17
10
4
0
0
0
0

1
2
3
4
5
6
0
0
0
0
PROCESSING SQUADS DONE
************************************************************************
***    "Team CloudBot"
************************************************************************
ADD these members to the sheet
3889815
2894869
2097256
442304
933629
630354
350537
295200
187950
1114999
425472
270209
102505
727859
-1
56406
385164
-1
704974
19738
53276
145565
193055
52504
76071
21420
14039
27793
603
74141
18163
18187
24993
67084
487
76411
6627
361
89802
0
21996
0
1258
0
30738
9731
10424
0
4552
1866
0
0
0
0
14579
0
703
12890
36
0
0
8685
3367
68
200
0
0
23568
0
0
522176
49243
29287
243
157785
2387434
0
869222
405111
75862
58355
0
9242
0
2096
-1
1295
12190
-1
10844
7590
0
0
1501423
28651
879
42019
3367
60996
18
282830
812354
32024
960
0
0
9474
6343
8
0
0
-1
44927
19913
45452
693
0
0
214985
2938
0
0
159601
47092
203474
0
29013
35055
981550
10520
1296
7106
581172
66173
45088
13535
0
3192
0
0
29548

SB
Anonymous

6269
0
************************************************************************
***    "All for Nash"
************************************************************************
ADD these members to the sheet
6238195
730413
638235
191428
1830539
63415
194558
45155
41211
2644
1390
0
12
0
125929
0
188576
269045
81857
28633
0
5878
179669
0
1944985
321138
436
29968
32836
10108
-1
238
13330
0
571
365378
191959
599
0
382
0
0
436316
19079
32984
12489
89
-1
87340
12922
112703
1096
11076
1352831
772115
153555
80209
2215
0
13596
9991
9140
6403
5484

Anonymous

0
************************************************************************
***    "The Trading Club"
************************************************************************
ADD these members to the sheet
5732521
127726
664428
51679
678488
17462
0
3664
0
0
1243768
130960
2670
110
7562
7232
673
31678
1256
0


************************************************************************
***    "Team Fabibi"
************************************************************************
ADD these members to the sheet
-1
301672
87211
132175
19643
116560
132457
56271
59827
18036
16034
20129
2939
30673
0
407004
0
137
3350
255
68038
0
0
26
-1
4814563
0
0
41619
50428


************************************************************************
***    "The Nashians "
************************************************************************
ADD these members to the sheet
41125
14387
-1
173496
124876
16476
63419
493
18535
5936
-1
68
1140963
7408
48060
382102


************************************************************************
***    "Gunbot Team"
************************************************************************
ADD these members to the sheet
710608
9319
3149
1297
2969
191884
0
0
4999
0
14536
0
57572
0
2029
0
0
2171
0
0
0

Anonymous
Anonymous
Anonymous
Anonymous

0
0
0
0
************************************************************************
***    "Solo"
************************************************************************
ADD these members to the sheet
JustinSane
FAMR
popples
MTC
6238195
5732521
3889815
-1
1352831
2894869
2097256
869222
41125
442304
933629
47092
188576
730413
638235
1140963
630354
350537
226346
301672
981550
14387
191428
295200
-1
187950
87211
1114999
321138
425472
270209
365378
772115
102505
28217
2387434
710608
142475
1830539
269045
385164
405111
157785
75862
727859
1944985
18163
173496
132457
282830
116560
130960
-1
19643
60996
35055
812354
59827
63419
203474
664428
407004
-1
12167
127726
63415
125929
194558
124876
15256
12190
16476
29968
-1
168202
14037
209885
49243
17462
23568
56271
74141
76411
-1
704974
32836
436316
191884
145565
107295
1501423
98315
80209
191959
81857
48864
45155
51679
40042
678488
1243768
972391
28651
179669
57572
132175
53276
10844
32024
193055
154262
87340
41619
40264
153555
41211
76071
46739
66173
28745
67084
68038
31678
19697
42019
10465
19738
22232
581172
50428
56406
28633
53853
27793
52504
4814563
19079
13330
-1
522176
44927
45452
55317
17221
24993
30738
12519
66403
159601
89802
18187
21420
18036
382102
46044
48060
20129
32984
-1
19458
23349
214985
13840
21686
12890
19428
19913
27006
12778
16421
112703
27880
18230
14536
16034
37634
58355
19635
19254
12003
10108
21996
45088
11284
13596
29013
13535
224664
31642
12160
11037
14039
16590
11801
13649
12489
33253
14579
10200
29548
12922
11839
57579
27197
21943
18346
10520
10653
11666
11076
28282
15317
10494
10424

MA
SB
MS
DV
MS
TK
Anonymous
FGH
MA

68403
44695
37164
30673
29287
18535
15442
11938
11699
results end here -------------------------------------------------------
