results start here -------------------------------------------------------
33923688
21398600
14334407
6990594
5712727
1412680
940931
0
0
0
0

138
63
20
28
14
25
0
0
0
0

102
52
16
21
14
11
0
0
0
0

67
32
9
17
10
4
0
0
0
0

1
2
3
4
5
6
0
0
0
0
PROCESSING SQUADS DONE
************************************************************************
***    "Team CloudBot"
************************************************************************
ADD these members to the sheet
3305416
2235035
1753525
356573
613991
477135
338829
258690
163737
1110309
347308
225893
102505
569580
-1
56084
352734
-1
317376
18907
42159
100555
132251
38328
73100
17243
9346
27754
603
54293
17106
15012
20080
66074
272
54404
4674
361
60875
0
13615
0
132
0
16531
5879
3999
0
4552
1866
0
0
0
0
9122
0
703
12890
0
0
0
8685
3367
68
200
0
0
23568
0
0
349264
42165
22270
243
113076
1787624
0
869222
376676
75862
49058
0
8239
0
2096
-1
1295
12190
29548
10826
5390
0
0
1501423
28651
879
21859
3367
58255
18
175341
561145
32024
934
0
0
7496
6343
8
0
0
-1
44927
17024
39141
693
0
0
144197
1843
0
0
159384
47092
147988
0
9703
35055
671789
8713
0
5962
381097
46938
24949
9884
0
0
0
0

SB
Anonymous

6091
0
************************************************************************
***    "All for Nash"
************************************************************************
ADD these members to the sheet
5684045
587060
457978
178770
1553093
52831
130698
39119
41211
1129
1390
0
12
0
108073
0
188576
137562
69939
21378
0
5878
168732
0
1443711
231016
255
29968
29389
10062
-1
93
12438
0
510
290923
138493
599
0
382
0
0
303133
16139
32984
8556
73
-1
63645
7567
112703
1096
6844
1347981
628064
93134
65328
2215
0
9987
7979
4692
4089
2859

Anonymous

0
************************************************************************
***    "The Trading Club"
************************************************************************
ADD these members to the sheet
4786009
100299
547047
45891
372167
16462
0
1705
0
0
965606
116975
345
28
7562
7138
412
22218
721
0


************************************************************************
***    "Team Fabibi"
************************************************************************
ADD these members to the sheet
-1
292270
72826
115741
19643
94281
117101
47713
48813
15112
12400
20008
1809
28002
0
255204
0
0
3350
192
57223
0
0
26
-1
4422581
0
0
40880
47542


************************************************************************
***    "The Nashians "
************************************************************************
ADD these members to the sheet
40641
14015
-1
168777
115790
15045
63419
253
17330
4441
-1
68
659473
4649
42596
266178


************************************************************************
***    "Gunbot Team"
************************************************************************
ADD these members to the sheet
708766
8150
3100
1297
1315
145458
0
0
4999
0
13617
0
50025
0
2029
0
0
2171
0
0
0

Anonymous
Anonymous
Anonymous
Anonymous

0
0
0
0
************************************************************************
***    "Solo"
************************************************************************
ADD these members to the sheet
5684045
4786009
3305416
-1
1347981
2235035
1753525
869222
40641
356573
613991
47092
188576
587060
457978
659473
477135
338829
130798
292270
671789
14015
178770
258690
-1
163737
72826
1110309
231016
347308
225893
290923
628064
102505
28193
1787624
708766
52865
1553093
137562
352734
376676
113076
75862
569580
1443711
17106
168777
117101
175341
94281
116975
29548
19643
58255
35055
561145
48813
63419
147988
547047
255204
-1
12167
100299
52831
108073
130698
115790
15256
12190
15045
29968
-1
168202
14037
165583
42165
16462
23568
47713
54293
54404
-1
317376
29389
303133
145458
100555
72121
1501423
60105
65328
138493
69939
27269
39119
45891
35622
372167
965606
972391
28651
168732
50025
115741
42159
10826
32024
132251
85589
63645
40880
40264
93134
41211
73100
38500
46938
28745
66074
57223
22218
19697
21859
10465
18907
22232
381097
47542
56084
21378
42072
27754
38328
4422581
16139
12438
-1
349264
44927
39141
29303
10959
20080
16531
12519
30406
159384
60875
15012
17243
15112
266178
12909
42596
20008
32984
439319
19458
19926
144197
13840
21686
12890
14590
17024
20689
12778
15036
112703
15895
14471
13617
12400
13996
49058
13359
12066
12003
10062
13615
24949
11284

SB
DV
MS
TK

30048
28002
22270
17330
results end here -------------------------------------------------------
