results start here -------------------------------------------------------
44556288
27771291
17898500
9097990
6580499
2224576
1007091
0
0
0
0

138
63
20
28
14
25
0
0
0
0

105
52
16
22
14
11
0
0
0
0

74
38
9
18
10
4
0
0
0
0

1
2
3
4
5
6
0
0
0
0
PROCESSING SQUADS DONE
************************************************************************
***    "Team CloudBot"
************************************************************************
ADD these members to the sheet
4083713
3037714
2163869
457438
1041313
664622
352335
295200
191196
1114999
441113
278199
102505
762169
-1
56406
385164
-1
797330
20209
57535
157258
211155
54605
76301
22543
15933
27793
603
76787
18163
19453
25314
67084
487
80732
7084
361
97190
0
22384
0
1258
0
30738
10270
10960
0
4552
1866
0
0
0
0
14631
0
703
12890
36
0
0
8685
3367
68
200
0
0
23568
0
0
574464
49243
31080
243
159381
2553431
0
869222
405194
75862
58384
0
9565
0
2096
-1
1295
12190
-1
10844
8404
0
0
1501423
28651
879
45498
3367
60996
18
295095
833937
32024
960
0
0
9474
6967
8
0
0
-1
44927
21309
47454
693
0
0
226314
2938
0
0
160704
47092
212760
0
29013
35055
1091633
10520
1321
7106
609738
71280
49579
14446
0
3192
0
0
29653

SB
Anonymous

6269
0
************************************************************************
***    "All for Nash"
************************************************************************
ADD these members to the sheet
6672196
763445
665251
191428
1852712
65129
200117
45990
41211
2644
1390
0
12
0
126787
0
188576
371918
82755
31507
0
5878
180238
0
2068689
359853
436
29968
32836
10602
-1
238
13330
0
571
377855
207816
898
0
382
0
0
450179
19079
32984
12489
89
-1
93999
13862
112703
1096
11076
1354564
823623
249169
80544
2215
0
14482
10486
10199
6950
6031

Anonymous

0
************************************************************************
***    "The Trading Club"
************************************************************************
ADD these members to the sheet
6034272
131128
694282
52676
722304
17462
0
3834
0
0
1243768
145844
3899
110
7562
7232
673
31678
1256
0


************************************************************************
***    "Team Fabibi"
************************************************************************
ADD these members to the sheet
-1
301672
87961
132175
19667
117983
133744
56271
59827
18036
16649
20490
3099
30673
0
411301
0
137
3350
12585
68038
0
0
26
-1
4994758
0
0
41619
50428


************************************************************************
***    "The Nashians "
************************************************************************
ADD these members to the sheet
41125
14555
-1
173496
136349
16476
63424
722
18535
6247
-1
68
1285995
8005
53928
405643


************************************************************************
***    "Gunbot Team"
************************************************************************
ADD these members to the sheet
710646
9319
3149
1297
2969
198008
0
0
4999
0
14536
0
57963
0
2029
0
0
2171
0
0
0

Anonymous
Anonymous
Anonymous
Anonymous

0
0
0
0
************************************************************************
***    "Solo"
************************************************************************
ADD these members to the sheet
6672196
6034272
4083713
-1
1354564
3037714
2163869
869222
41125
457438
1041313
47092
188576
763445
665251
1285995
664622
352335
226346
301672
1091633
14555
191428
295200
-1
191196
87961
1114999
359853
441113
278199
377855
823623
102505
28217
2553431
710646
328643
1852712
371918
385164
405194
159381
75862
762169
2068689
18163
173496
133744
295095
117983
145844
-1
19667
60996
35055
833937
59827
63424
212760
694282
411301
-1
12167
131128
65129
126787
200117
136349
15256
12190
16476
29968
-1
168202
14037
233650
49243
17462
23568
56271
76787
80732
-1
797330
32836
450179
198008
157258
116296
1501423
98315
80544
207816
82755
48864
45990
52676
40042
722304
1243768
972391
28651
180238
57963
132175
57535
10844
32024
211155
154262
93999
41619
40264
249169
41211
76301
50306
71280
28745
67084
68038
31678
19697
45498
10465
20209
30304
609738
50428
56406
31507
53853
27793
54605
4994758
19079
13330
-1
574464
44927
47454
82843
17221
25314
30738
12519
66403
160704
97190
19453
22543
18036
405643
53053
53928
20490
32984
-1
19458
29242
226314
13840
21686
12890
19428
21309
27006
12778
17099
112703
27880
18230
14536
16649
38632
58384
19635
19254
12003
10602
22384
49579
11284
14482
29013
14446
224664
31642
12160
11037
15933
16590
11801
17443
12489
33253
14631
10200
29653
13862
12056
72629
27197
21943
18346
10520
10653
11666
11076
28282
15317
11434
10960
29137
12585
12159
10486
10270
10199

MA
SB
MS
MS
DV
Anonymous
TK
FGH
MA

68403
44695
42553
31080
30673
19862
18535
11938
11699
results end here -------------------------------------------------------
