results start here -------------------------------------------------------
40178975
25244446
15911776
8286398
6290935
1856069
987049
0
0
0
0

138
63
20
28
14
25
0
0
0
0

105
52
16
22
14
11
0
0
0
0

72
35
9
17
10
4
0
0
0
0

1
2
3
4
5
6
0
0
0
0
PROCESSING SQUADS DONE
************************************************************************
***    "Team CloudBot"
************************************************************************
ADD these members to the sheet
3724039
2732738
2000804
423182
851717
583971
344677
295200
183448
1114999
411193
267241
102505
669731
-1
56406
385164
-1
592298
19557
49758
136510
181778
50495
74481
20532
13511
27793
603
70770
18163
18108
23520
67084
447
74525
5996
361
84832
0
20949
0
1258
0
27112
7248
8052
0
4552
1866
0
0
0
0
12780
0
703
12890
36
0
0
8685
3367
68
200
0
0
23568
0
0
479888
49243
28138
243
148616
2204193
0
869222
405111
75862
58271
0
8597
0
2096
-1
1295
12190
-1
10826
7212
0
0
1501423
28651
879
33265
3367
60996
18
260670
784087
32024
960
0
0
9474
6343
8
0
0
-1
44927
19814
45452
693
0
0
199823
2779
0
0
159601
47092
196028
0
23236
35055
859114
10520
132
7106
542647
59961
43558
13209
0
3192
0
0
29548

SB
Anonymous

6269
0
************************************************************************
***    "All for Nash"
************************************************************************
ADD these members to the sheet
5726527
729247
613882
188876
1775965
61087
183400
44031
41211
1833
1390
0
12
0
125123
0
188576
137562
81139
26544
0
5878
178893
0
1870881
302032
436
29968
32836
10108
-1
238
13330
0
571
355353
179498
599
0
382
0
0
404823
19079
32984
12489
89
-1
82179
11458
112703
1096
9633
1349585
738284
108988
76380
2215
0
13241
9793
8080
5971
5275

Anonymous

0
************************************************************************
***    "The Trading Club"
************************************************************************
ADD these members to the sheet
5495688
121990
629194
50769
621197
17462
0
3664
0
0
1180305
116975
1570
110
7562
7232
673
30744
1256
0


************************************************************************
***    "Team Fabibi"
************************************************************************
ADD these members to the sheet
-1
301579
80433
132175
19643
115713
129063
56271
58464
18036
15721
20008
2612
29736
0
381473
0
137
3350
255
68038
0
0
26
-1
4766344
0
0
41419
50428


************************************************************************
***    "The Nashians "
************************************************************************
ADD these members to the sheet
41125
14387
-1
173496
124011
16476
63419
493
18535
5577
-1
68
988877
6536
45277
357784


************************************************************************
***    "Gunbot Team"
************************************************************************
ADD these members to the sheet
710555
9319
3149
1297
2393
180141
0
0
4999
0
14536
0
56455
0
2029
0
0
2171
0
0
0

Anonymous
Anonymous
Anonymous
Anonymous

0
0
0
0
************************************************************************
***    "Solo"
************************************************************************
ADD these members to the sheet
5726527
5495688
3724039
-1
1349585
2732738
2000804
869222
41125
423182
851717
47092
188576
729247
613882
988877
583971
344677
178621
301579
859114
14387
188876
295200
-1
183448
80433
1114999
302032
411193
267241
355353
738284
102505
28217
2204193
710555
52865
1775965
137562
385164
405111
148616
75862
669731
1870881
18163
173496
129063
260670
115713
116975
-1
19643
60996
35055
784087
58464
63419
196028
629194
381473
-1
12167
121990
61087
125123
183400
124011
15256
12190
16476
29968
-1
168202
14037
202804
49243
17462
23568
56271
70770
74525
-1
592298
32836
404823
180141
136510
105837
1501423
93446
76380
179498
81139
41905
44031
50769
40042
621197
1180305
972391
28651
178893
56455
132175
49758
10826
32024
181778
154262
82179
41419
40264
108988
41211
74481
45572
59961
28745
67084
68038
30744
19697
33265
10465
19557
22232
542647
50428
56406
26544
53853
27793
50495
4766344
19079
13330
-1
479888
44927
45452
55317
16644
23520
27112
12519
66403
159601
84832
18108
20532
18036
357784
46044
45277
20008
32984
-1
19458
21633
199823
13840
21686
12890
19428
19814
27006
12778
15085
112703
15895
17291
14536
15721
32716
58271
16447
19254
12003
10108
20949
43558
11284
13241
23236
13209
224664
31642
12160
11037
13511
12601
11801
13649
12489
14746
12780
10200
29548
11458
11839
37365
21376
21065
13063
10520
10653

MA
SB
DV
MS
TK
MS
FGH
MA

68403
44695
29736
28138
18535
14903
11938
10389
results end here -------------------------------------------------------
