results start here -------------------------------------------------------
61426220
35730206
24505806
12101907
8113781
3158008
1093637
0
0
0
0

138
63
20
28
14
25
0
0
0
0

106
52
17
24
14
12
0
0
0
0

78
39
10
18
10
4
0
0
0
0

1
2
3
4
5
6
0
0
0
0
PROCESSING SQUADS DONE
************************************************************************
***    "Team CloudBot"
************************************************************************
ADD these members to the sheet
5605904
4048559
2433597
638524
1702269
1013244
357577
295200
259926
1119487
580377
326120
102505
1079008
-1
56406
385164
-1
1302918
22148
91037
222258
335537
79687
197133
28497
23333
27793
603
108055
19444
26133
34239
183089
1164
108088
9828
361
181874
0
31253
0
1645
0
46560
18675
25814
1403
4552
1866
0
0
0
0
15805
0
703
12890
36
0
0
8685
3890
68
200
0
0
32094
0
0
1046334
49243
40659
243
159778
2833838
0
869222
462134
75862
66161
0
11398
0
2096
-1
1295
12190
-1
10844
10180
0
0
1501423
28651
879
78267
3367
61900
18
423863
913822
32024
960
0
0
10830
83488
8
0
0
-1
44927
28733
66732
4627
0
0
290747
4035
0
0
161384
47092
293396
0
54987
35055
1416264
10520
3723
7106
996128
111342
88991
21049
0
3192
0
0
29653

SB
Anonymous

6269
0
************************************************************************
***    "All for Nash"
************************************************************************
ADD these members to the sheet
9305470
1044646
954879
191428
2045969
69225
249098
52705
41211
2644
1390
0
12
0
135002
0
188576
571278
104304
37101
0
7398
216643
0
2737985
601518
436
30127
32836
19082
-1
238
13330
0
571
494186
306110
13376
0
428
0
0
768797
29984
32984
12489
546
-1
126660
19888
112703
1096
11076
1403769
1181614
1184576
82572
2215
0
21877
14554
10467
9251
9462

Anonymous

0
************************************************************************
***    "The Trading Club"
************************************************************************
ADD these members to the sheet
8238383
175652
855328
56346
1292262
19646
0
3834
0
0
1246262
145844
7057
1991
7562
17537
791
31678
1366
360


************************************************************************
***    "Team Fabibi"
************************************************************************
ADD these members to the sheet
-1
301770
92931
135213
19732
131743
137884
67879
74335
18064
19097
20733
4114
33680
0
581485
164
137
3350
12633
68038
0
12
44
-1
6295613
0
0
41619
53501


************************************************************************
***    "The Nashians "
************************************************************************
ADD these members to the sheet
41125
15129
-1
173549
233898
16538
66624
752
19340
8719
-1
68
2036048
9956
62913
473342


************************************************************************
***    "Gunbot Team"
************************************************************************
ADD these members to the sheet
712486
9319
3149
1297
8734
260534
0
0
8112
1832
16558
0
67411
0
2029
0
0
2171
0
0
0

Anonymous
Anonymous
Anonymous
Anonymous

0
0
0
0
************************************************************************
***    "Solo"
************************************************************************
ADD these members to the sheet
9305470
8238383
5605904
-1
1403769
4048559
2433597
869222
41125
638524
1702269
101363
188576
1044646
954879
2036048
1013244
357577
362343
301770
1416264
15129
191428
295200
-1
259926
92931
1119487
601518
580377
326120
494186
1181614
102505
28477
2833838
712486
1671902
2045969
571278
385164
462134
159778
75862
1079008
2737985
19444
173549
137884
423863
131743
145844
-1
19732
61900
35055
913822
74335
66624
293396
855328
581485
-1
12167
175652
69225
135002
249098
233898
15256
12190
16538
30127
-1
168202
14133
389292
49243
19646
32094
67879
108055
108088
-1
1302918
32836
768797
260534
222258
171315
1501423
98315
139962
306110
104304
101891
52705
56346
42356
1292262
1246262
972391
28651
216643
67411
135213
91037
10844
32024
335537
198549
126660
41619
40264
1184576
41211
197133
64913
111342
30581
183089
68038
31678
19697
78267
11326
22148
30304
996128
53501
56406
37101
53853
27793
79687
6295613
29984
13330
-1
1046334
44927
66732
88189
17246
34239
46560
13042
265657
161384
181874
26133
28497
18064
473342
68326
62913
20733
32984
-1
39070
54339
290747
13840
21686
12890
19428
28733
27006
12778
20807
112703
27880
18783
16558
19097
116020
66161
27545
23528
12003
19082
31253
88991
13983
21877
54987
21049
224664
161247
19946
11037
23333
16590
16718
23649
12489
87634
15805
13290
29653
19888
13917
102271
27197
26427
27790
10520
11424
15840
11076
123251
26352
19139
25814
118445
12633
12159
14554
18675
10467
83488
30969
12576
135972
10180
31001
20935
10199
14206
24488
26754
10096
183649
40883
72176
144047
14114
16881
18202
277699
11398
17537
14026
13376
22402
15089
20349
12632
11073
10830
32593

MS
PA
MA
SB
MS
DV
Anonymous
VM
TK
MA
FGH

233640
107412
82572
47092
40659
33680
26377
19458
19340
14709
11938
results end here -------------------------------------------------------
