results start here -------------------------------------------------------
32348551
20088396
13491944
6528877
5524458
1337533
934276
0
0
0
0

138
63
20
28
14
25
0
0
0
0

102
52
16
21
14
11
0
0
0
0

66
32
9
17
10
4
0
0
0
0

1
2
3
4
5
6
0
0
0
0
PROCESSING SQUADS DONE
************************************************************************
***    "Team CloudBot"
************************************************************************
ADD these members to the sheet
3123328
2155236
1541056
336134
546402
459737
326285
244286
161887
1105669
330113
201587
102505
551616
-1
56084
336279
-1
181451
18907
38829
92371
115554
35098
72276
15472
9022
27754
450
52232
17106
13535
18856
64865
272
54404
4515
361
50868
0
10347
0
132
0
16531
5747
3999
0
4552
1866
0
0
0
0
8654
0
703
12890
0
0
0
8685
3348
68
98
0
0
23568
0
0
294293
38345
21374
243
98011
1709982
0
869222
364429
75862
47899
0
8239
0
2096
-1
1295
12190
29548
10826
5390
0
0
1501423
28651
879
20933
3367
55764
18
163801
541776
32024
934
0
0
7496
6343
8
0
0
-1
44695
15330
37548
693
0
0
119809
1699
0
0
153120
16421
139228
0
9703
35055
581431
8713
0
5962
334739
45132
8474
8254
0
0
0
0

SB
Anonymous

6091
0
************************************************************************
***    "All for Nash"
************************************************************************
ADD these members to the sheet
5267696
556413
428458
149347
1480038
49068
129551
38520
41211
1129
1390
0
12
0
105570
0
188576
131153
69939
21378
0
5878
167279
0
1347072
207791
255
29968
26579
10062
-1
93
11633
0
510
274332
125861
599
0
382
0
0
303133
13297
32984
8556
73
-1
56997
7492
83968
1096
2507
1340971
589316
88799
65026
2215
0
8625
7482
4692
4089
2859

Anonymous

0
************************************************************************
***    "The Trading Club"
************************************************************************
ADD these members to the sheet
4510028
96789
512486
45891
314331
16462
0
1705
0
0
876796
116975
345
28
7562
7138
221
21391
721
0


************************************************************************
***    "Team Fabibi"
************************************************************************
ADD these members to the sheet
-1
274658
69161
71465
19643
91031
115508
44727
48813
14919
11538
20008
1802
28002
0
255204
0
0
3350
192
57223
0
0
26
-1
4310476
0
0
39161
47542


************************************************************************
***    "The Nashians "
************************************************************************
ADD these members to the sheet
40641
14015
-1
168777
99733
15045
63419
253
16606
4274
-1
68
630208
4433
42596
237459


************************************************************************
***    "Gunbot Team"
************************************************************************
ADD these members to the sheet
708766
8150
3100
1297
1291
138904
0
0
4978
0
13617
0
49969
0
2029
0
0
2171
0
0
0

Anonymous
Anonymous
Anonymous
Anonymous

0
0
0
0
************************************************************************
***    "Solo"
************************************************************************
ADD these members to the sheet
kitt
5267696
4510028
3123328
-1
1340971
2155236
1541056
869222
40641
336134
546402
30048
188576
556413
428458
630208
459737
326285
125228
274658
581431
14015
149347
244286
-1
161887
69161
1105669
207791
330113
201587
274332
589316
102505
28193
1709982
708766
52865
1480038
131153
336279
364429
98011
75862
551616
1347072
17106
168777
115508
163801
91031
116975
29548
19643
55764
35055
541776
48813
63419
139228
512486
255204
-1
12167
96789
49068
105570
129551
99733
15256
12190
15045
29968
-1
168202
14037
156570
38345
16462
23568
44727
52232
54404
-1
181451
26579
303133
138904
92371
50513
1501423
60105
65026
125861
69939
21084
38520
45891
35622
314331
876796
972391
28651
167279
49969
71465
38829
10826
32024
115554
80429
56997
39161
40264
88799
41211
72276
38500
45132
28745
64865
57223
21391
19697
20933
10465
18907
22232
334739
47542
56084
21378
40221
27754
35098
4310476
13297
11633
-1
294293
44695
37548
29303
10959
18856
16531
12519
30406
153120
50868
13535
15472
14919
237459
12909
42596
20008
32984
439319
19458
16995
119809
13840
21686
12890
14590
15330
20689
12778
14919
83968
15895
14471
13617
11538
13996
47899
13359
11261
12003
10062
10347

DV
MS
TK
SB

28002
21374
16606
16421
results end here -------------------------------------------------------
