results start here -------------------------------------------------------
46159853
28600606
18408994
9306539
6685909
2295695
1011754
0
0
0
0

138
63
20
28
14
25
0
0
0
0

105
52
16
22
14
11
0
0
0
0

75
38
9
18
10
4
0
0
0
0

1
2
3
4
5
6
0
0
0
0
PROCESSING SQUADS DONE
************************************************************************
***    "Team CloudBot"
************************************************************************
ADD these members to the sheet
4231264
3096465
2234920
465741
1116993
706287
353601
295200
194175
1114999
452759
281892
102505
783944
-1
56406
385164
-1
840099
21138
58335
161833
221552
54626
76301
22622
16220
27793
603
78941
18163
19571
26195
67084
487
81426
7949
361
103421
0
22414
0
1258
0
30738
10643
22394
0
4552
1866
0
0
0
0
14631
0
703
12890
36
0
0
8685
3367
68
200
0
0
23568
0
0
611987
49243
31622
243
159381
2714597
0
869222
405194
75862
58384
0
9565
0
2096
-1
1295
12190
-1
10844
8404
0
0
1501423
28651
879
47298
3367
60996
18
298836
844055
32024
960
0
0
9474
13165
8
0
0
-1
44927
21309
49782
693
0
0
231536
2938
0
0
161017
47092
218421
0
29013
35055
1141387
10520
1321
7106
626940
71667
49876
14511
0
3192
0
0
29653

SB
Anonymous

6269
0
************************************************************************
***    "All for Nash"
************************************************************************
ADD these members to the sheet
6957896
812315
671221
191428
1865131
65431
202668
46840
41211
2644
1390
0
12
0
127035
0
188576
373284
83080
31647
0
5878
180299
0
2116838
372282
436
29968
32836
10602
-1
238
13330
0
571
386345
217532
898
0
382
0
0
477349
19079
32984
12489
89
-1
98180
13980
112703
1096
11076
1355173
863830
249566
80544
2215
0
14599
10519
10199
6989
6065

Anonymous

0
************************************************************************
***    "The Trading Club"
************************************************************************
ADD these members to the sheet
6200140
132732
705798
52691
750837
18361
0
3834
0
0
1243768
145844
3899
225
7562
7232
673
31678
1256
0


************************************************************************
***    "Team Fabibi"
************************************************************************
ADD these members to the sheet
-1
301672
89848
132175
19667
117983
133744
56271
59827
18036
16883
20490
3108
30673
0
458530
0
137
3350
12585
68038
0
0
26
-1
5050808
0
0
41619
50428


************************************************************************
***    "The Nashians "
************************************************************************
ADD these members to the sheet
41125
14555
-1
173496
144838
16476
63424
722
18535
6426
-1
68
1338829
8005
53928
415259


************************************************************************
***    "Gunbot Team"
************************************************************************
ADD these members to the sheet
710731
9319
3149
1297
3029
202039
0
0
5335
0
14536
0
58115
0
2029
0
0
2171
0
0
0

Anonymous
Anonymous
Anonymous
Anonymous

0
0
0
0
************************************************************************
***    "Solo"
************************************************************************
ADD these members to the sheet
Schnubbler
Nairolf
CM
6957896
6200140
4231264
-1
1355173
3096465
2234920
869222
41125
465741
1116993
47092
188576
812315
671221
1338829
706287
353601
226346
301672
1141387
14555
191428
295200
-1
194175
89848
1114999
372282
452759
281892
386345
863830
102505
28217
2714597
710731
329092
1865131
373284
385164
405194
159381
75862
783944
2116838
18163
173496
133744
298836
117983
145844
-1
19667
60996
35055
844055
59827
63424
218421
705798
458530
-1
12167
132732
65431
127035
202668
144838
15256
12190
16476
29968
-1
168202
14037
240934
49243
18361
23568
56271
78941
81426
-1
840099
32836
477349
202039
161833
155559
1501423
98315
80544
217532
83080
48864
46840
52691
40042
750837
1243768
972391
28651
180299
58115
132175
58335
10844
32024
221552
154262
98180
41619
40264
249566
41211
76301
50306
71667
28745
67084
68038
31678
19697
47298
10465
21138
30304
626940
50428
56406
31647
53853
27793
54626
5050808
19079
13330
-1
611987
44927
49782
88189
17221
26195
30738
12519
66403
161017
103421
19571
22622
18036
415259
53053
53928
20490
32984
-1
19458
35865
231536
13840
21686
12890
19428
21309
27006
12778
17968
112703
27880
18230
14536
16883
38632
58384
22781
19254
12003
10602
22414
49876
11284
14599
29013
14511
224664
31642
12160
11037
16220
16590
11801
17443
12489
35156
14631
10200
29653
13980
12056
80592
27197
21943
18356
10520
10653
11666
11076
28282
15317
13907
22394
29137
12585
12159
10519
10643
10199
13165
12800
10167

MA
SB
MS
MS
DV
Anonymous
TK
VM
FGH
MA

68403
44695
44276
31622
30673
20873
18535
16487
11938
11699
results end here -------------------------------------------------------
