results start here -------------------------------------------------------
41560456
26122890
16498074
8578778
6352102
1989346
998031
0
0
0
0

138
63
20
28
14
25
0
0
0
0

105
52
16
22
14
11
0
0
0
0

72
36
9
17
10
4
0
0
0
0

1
2
3
4
5
6
0
0
0
0
PROCESSING SQUADS DONE
************************************************************************
***    "Team CloudBot"
************************************************************************
ADD these members to the sheet
3827100
2859597
2067057
437877
895589
620608
346850
295200
185965
1114999
421999
269841
102505
711018
-1
56406
385164
-1
681839
19607
51452
143071
190215
52381
75652
21340
14039
27793
603
73077
18163
18187
24515
67084
487
76411
6595
361
88143
0
21936
0
1258
0
30663
7706
9550
0
4552
1866
0
0
0
0
14297
0
703
12890
36
0
0
8685
3367
68
200
0
0
23568
0
0
507662
49243
29287
243
155624
2296679
0
869222
405111
75862
58355
0
9242
0
2096
-1
1295
12190
-1
10826
7550
0
0
1501423
28651
879
39614
3367
60996
18
281207
806065
32024
960
0
0
9474
6343
8
0
0
-1
44927
19913
45452
693
0
0
211290
2938
0
0
159601
47092
201263
0
28914
35055
926722
10520
432
7106
566619
65320
44790
13535
0
3192
0
0
29548

SB
Anonymous

6269
0
************************************************************************
***    "All for Nash"
************************************************************************
ADD these members to the sheet
6050241
730413
629679
191428
1816323
61718
194299
45155
41211
1833
1390
0
12
0
125869
0
188576
196463
81857
28018
0
5878
179639
0
1931627
307953
436
29968
32836
10108
-1
238
13330
0
571
364335
189524
599
0
382
0
0
404823
19079
32984
12489
89
-1
85921
12636
112703
1096
11076
1352304
762647
111971
79659
2215
0
13537
9958
9140
6364
5450

Anonymous

0
************************************************************************
***    "The Trading Club"
************************************************************************
ADD these members to the sheet
5662066
126609
653395
51619
663022
17462
0
3664
0
0
1219486
130960
1976
110
7562
7232
673
31678
1256
0


************************************************************************
***    "Team Fabibi"
************************************************************************
ADD these members to the sheet
-1
301672
84391
132175
19643
115993
132258
56271
59632
18036
16034
20129
2917
30673
0
407004
0
137
3350
255
68038
0
0
26
-1
4791462
0
0
41568
50428


************************************************************************
***    "The Nashians "
************************************************************************
ADD these members to the sheet
41125
14387
-1
173496
124876
16476
63419
493
18535
5852
-1
68
1096929
7169
48060
378453


************************************************************************
***    "Gunbot Team"
************************************************************************
ADD these members to the sheet
710555
9319
3149
1297
2849
189789
0
0
4999
0
14536
0
57333
0
2029
0
0
2171
0
0
0

Anonymous
Anonymous
Anonymous
Anonymous

0
0
0
0
************************************************************************
***    "Solo"
************************************************************************
ADD these members to the sheet
6050241
5662066
3827100
-1
1352304
2859597
2067057
869222
41125
437877
895589
47092
188576
730413
629679
1096929
620608
346850
196408
301672
926722
14387
191428
295200
-1
185965
84391
1114999
307953
421999
269841
364335
762647
102505
28217
2296679
710555
73885
1816323
196463
385164
405111
155624
75862
711018
1931627
18163
173496
132258
281207
115993
130960
-1
19643
60996
35055
806065
59632
63419
201263
653395
407004
-1
12167
126609
61718
125869
194299
124876
15256
12190
16476
29968
-1
168202
14037
205404
49243
17462
23568
56271
73077
76411
-1
681839
32836
404823
189789
143071
107295
1501423
98315
79659
189524
81857
42922
45155
51619
40042
663022
1219486
972391
28651
179639
57333
132175
51452
10826
32024
190215
154262
85921
41568
40264
111971
41211
75652
46739
65320
28745
67084
68038
31678
19697
39614
10465
19607
22232
566619
50428
56406
28018
53853
27793
52381
4791462
19079
13330
-1
507662
44927
45452
55317
17221
24515
30663
12519
66403
159601
88143
18187
21340
18036
378453
46044
48060
20129
32984
-1
19458
23349
211290
13840
21686
12890
19428
19913
27006
12778
16421
112703
27880
18230
14536
16034
37634
58355
19635
19254
12003
10108
21936
44790
11284
13537
28914
13535
224664
31642
12160
11037
14039
16590
11801
13649
12489
33253
14297
10200
29548
12636
11839
54418
26702
21065
18346
10520
10653
11666
11076

MA
SB
MS
DV
MS
TK
FGH
MA
Anonymous

68403
44695
34462
30673
29287
18535
11938
10389
10231
results end here -------------------------------------------------------
