results start here -------------------------------------------------------
29161835
17779791
12328485
5726274
4582369
1220129
900604
0
0
0
0

138
63
20
28
14
25
0
0
0
0

102
52
15
21
13
11
0
0
0
0

63
31
9
17
10
4
0
0
0
0

1
2
3
4
5
6
0
0
0
0
PROCESSING SQUADS DONE
************************************************************************
***    "Team CloudBot"
************************************************************************
ADD these members to the sheet
2884907
1866432
1329482
290461
455979
403753
303464
238478
138846
1105669
288408
176065
94822
493863
-1
52065
295340
-1
127903
16151
33695
70731
97556
28262
65618
14593
8705
27016
450
47739
17106
11986
16183
59718
232
45725
3591
361
29594
0
3969
0
132
0
12785
5026
3890
0
4552
1866
0
0
0
0
5465
0
703
12890
0
0
0
8685
3348
68
98
0
0
23568
0
0
221080
34792
14481
243
83641
1572248
0
869222
342985
75862
4916
0
6806
0
2096
-1
1295
12190
29548
10826
4297
0
0
1324277
28651
879
18524
3367
49127
18
137741
470163
32024
882
0
0
7496
6343
8
0
0
-1
44695
11756
37548
693
0
0
57457
916
0
0
100364
6091
115479
0
2520
35055
458086
8170
0
5573
247776
38613
7345
7475
0
0
0
0

SB
Anonymous

106
0
************************************************************************
***    "All for Nash"
************************************************************************
ADD these members to the sheet
4836992
523337
387621
147848
1325738
46936
129551
37772
37361
1129
414
0
12
0
79080
0
188576
119487
69939
19211
0
5878
159978
0
1273311
180950
255
29968
25316
9933
-1
93
11212
0
510
239891
95102
599
0
382
0
0
214450
13297
24758
8556
73
-1
46325
7167
43751
1096
1313
1283980
525847
86016
59767
2215
0
7978
6493
4692
3739
2562

Anonymous

0
************************************************************************
***    "The Trading Club"
************************************************************************
ADD these members to the sheet
4078847
74757
454276
43436
185433
15413
0
865
0
0
726507
116485
345
0
7562
6481
221
14918
721
0


************************************************************************
***    "Team Fabibi"
************************************************************************
ADD these members to the sheet
-1
249097
64563
34978
18652
90155
112106
37856
43880
13503
10787
18275
1560
28002
0
255204
0
0
1659
192
44436
0
0
26
-1
3480179
0
0
39123
38124


************************************************************************
***    "The Nashians "
************************************************************************
ADD these members to the sheet
40641
14015
-1
168777
82854
15045
63419
0
16606
3435
-1
68
574230
3690
39366
197976


************************************************************************
***    "Gunbot Team"
************************************************************************
ADD these members to the sheet
707408
8150
3100
276
593
113882
0
0
4418
0
11577
0
46994
0
2029
0
0
2171
0
0
0

Anonymous
Anonymous
Anonymous
Anonymous

0
0
0
0
************************************************************************
***    "Solo"
************************************************************************
ADD these members to the sheet
SR
4836992
4078847
2884907
-1
1283980
1866432
1329482
869222
40641
290461
455979
30048
188576
523337
387621
574230
403753
303464
114020
249097
458086
14015
147848
238478
-1
138846
64563
1105669
180950
288408
176065
239891
525847
94822
28193
1572248
707408
52865
1325738
119487
295340
342985
83641
75862
493863
1273311
17106
168777
112106
137741
90155
116485
29548
18652
49127
35055
470163
43880
63419
115479
454276
255204
-1
12167
74757
46936
79080
129551
82854
15256
12190
15045
29968
-1
168202
14037
137343
34792
15413
23568
37856
47739
45725
-1
127903
25316
214450
113882
70731
17067
1324277
48025
59767
95102
69939
21084
37772
43436
35622
185433
726507
972391
28651
159978
46994
34978
33695
10826
32024
97556
75072
46325
39123
40264
86016
37361
65618
36097
38613
28745
59718
44436
14918
19697
18524
10465
16151
22232
247776
38124
52065
19211
17259
27016
28262
3480179
13297
11212
-1
221080
44695
37548
23412
10959
16183
12785
12519
30406
100364
29594
11986
14593
13503
197976
12909
39366
18275
24758
439319
19458
16995
57457
13840
21686
12890
14590
11756
20689
12778
14278
43751
15895
12604
11577
10787
11442

DV
TK
MS

28002
16606
14481
results end here -------------------------------------------------------
