results start here -------------------------------------------------------
48010092
29909762
19373969
9855678
7011414
2381461
1023045
0
0
0
0

138
63
20
28
14
25
0
0
0
0

105
52
16
23
14
11
0
0
0
0

76
38
9
18
10
4
0
0
0
0

1
2
3
4
5
6
0
0
0
0
PROCESSING SQUADS DONE
************************************************************************
***    "Team CloudBot"
************************************************************************
ADD these members to the sheet
4479811
3264246
2310038
491606
1252850
774215
356598
295200
199469
1114999
468352
284683
102505
807760
-1
56406
385164
-1
941204
22148
61570
169375
233897
58307
77163
22622
17834
27793
603
83060
18163
19690
27151
67084
575
83905
8553
361
113395
0
23278
0
1258
0
32381
11402
22937
0
4552
1866
0
0
0
0
14631
0
703
12890
36
0
0
8685
3682
68
200
0
0
23568
0
0
674208
49243
32519
243
159778
2796991
0
869222
405194
75862
58412
0
9900
0
2096
-1
1295
12190
-1
10844
10180
0
0
1501423
28651
879
51553
3367
60996
18
316037
858166
32024
960
0
0
9474
23669
8
0
0
-1
44927
23482
50779
897
0
0
239090
3057
0
0
161017
47092
222369
0
32402
35055
1268953
10520
2524
7106
665211
75834
49876
14511
0
3192
0
0
29653

SB
Anonymous

6269
0
************************************************************************
***    "All for Nash"
************************************************************************
ADD these members to the sheet
7500350
847117
698024
191428
1886179
65431
215561
50306
41211
2644
1390
0
12
0
128046
0
188576
384416
83080
32083
0
5878
182176
0
2168615
409761
436
30088
32836
11506
-1
238
13330
0
571
398315
227513
2415
0
382
0
0
612085
19079
32984
12489
89
-1
102217
14546
112703
1096
11076
1355173
908388
259711
80544
2215
0
15249
10816
10199
6989
6381

Anonymous

0
************************************************************************
***    "The Trading Club"
************************************************************************
ADD these members to the sheet
6597629
139264
741959
53511
857839
18361
0
3834
0
0
1243768
145844
4917
341
7562
7232
673
31678
1256
0


************************************************************************
***    "Team Fabibi"
************************************************************************
ADD these members to the sheet
-1
301672
92931
132175
19667
119148
135461
56271
60906
18036
17719
20490
3284
30673
0
458530
164
137
3350
12585
68038
0
0
26
-1
5368092
0
0
41619
50428


************************************************************************
***    "The Nashians "
************************************************************************
ADD these members to the sheet
41125
14555
-1
173496
152073
16507
63424
722
18535
6761
-1
68
1407240
8531
53928
424489


************************************************************************
***    "Gunbot Team"
************************************************************************
ADD these members to the sheet
710839
9319
3149
1297
3676
211441
0
0
6112
0
14536
0
58471
0
2029
0
0
2171
0
0
0

Anonymous
Anonymous
Anonymous
Anonymous

0
0
0
0
************************************************************************
***    "Solo"
************************************************************************
ADD these members to the sheet
7500350
6597629
4479811
-1
1355173
3264246
2310038
869222
41125
491606
1252850
47092
188576
847117
698024
1407240
774215
356598
226346
301672
1268953
14555
191428
295200
-1
199469
92931
1114999
409761
468352
284683
398315
908388
102505
28272
2796991
710839
329233
1886179
384416
385164
405194
159778
75862
807760
2168615
18163
173496
135461
316037
119148
145844
-1
19667
60996
35055
858166
60906
63424
222369
741959
458530
-1
12167
139264
65431
128046
215561
152073
15256
12190
16507
30088
-1
168202
14037
254653
49243
18361
23568
56271
83060
83905
-1
941204
32836
612085
211441
169375
161399
1501423
98315
80544
227513
83080
48864
50306
53511
40042
857839
1243768
972391
28651
182176
58471
132175
61570
10844
32024
233897
154262
102217
41619
40264
259711
41211
77163
50306
75834
28745
67084
68038
31678
19697
51553
10465
22148
30304
665211
50428
56406
32083
53853
27793
58307
5368092
19079
13330
-1
674208
44927
50779
88189
17221
27151
32381
12519
66403
161017
113395
19690
22622
18036
424489
53053
53928
20490
32984
-1
19458
42088
239090
13840
21686
12890
19428
23482
27006
12778
17968
112703
27880
18230
14536
17719
57354
58412
22781
19254
12003
11506
23278
49876
11284
15249
32402
14511
224664
31642
12175
11037
17834
16590
11801
17443
12489
35156
14631
10200
29653
14546
12056
97388
27197
21943
18356
10520
10653
11666
11076
28282
15317
14792
22937
29137
12585
12159
10816
11402
10199
23669
30969
10167
30606
10180

MA
SB
MS
MS
DV
Anonymous
TK
VM
FGH
MA

68403
44695
44276
32519
30673
26207
18535
16487
11938
11699
results end here -------------------------------------------------------
