results start here -------------------------------------------------------
36348843
22845017
14939723
7422971
5855522
1611433
953400
0
0
0
0

138
63
20
28
14
25
0
0
0
0

102
52
16
21
14
11
0
0
0
0

70
33
9
17
10
4
0
0
0
0

1
2
3
4
5
6
0
0
0
0
PROCESSING SQUADS DONE
************************************************************************
***    "Team CloudBot"
************************************************************************
ADD these members to the sheet
3420368
2434674
1922956
369584
668972
509776
340035
285092
173256
1114999
364328
234748
102505
594331
-1
56084
385164
-1
476033
18907
43457
110262
149258
44335
73421
18129
12221
27793
603
60623
17106
16582
22113
66865
272
67714
4794
361
65205
0
18099
0
132
0
23336
6052
4324
0
4552
1866
0
0
0
0
9799
0
703
12890
0
0
0
8685
3367
68
200
0
0
23568
0
0
387686
49165
24925
243
122499
1923422
0
869222
387986
75862
54005
0
8239
0
2096
-1
1295
12190
29548
10826
5924
0
0
1501423
28651
879
24629
3367
60996
18
216490
650704
32024
960
0
0
7496
6343
8
0
0
-1
44927
17121
39141
693
0
0
152979
2619
0
0
159601
47092
170554
0
20641
35055
739254
9288
0
6200
413643
49007
30641
10734
0
0
0
0

SB
Anonymous

6091
0
************************************************************************
***    "All for Nash"
************************************************************************
ADD these members to the sheet
5689809
651674
510471
180062
1636916
55362
152211
41996
41211
1129
1390
0
12
0
112089
0
188576
137562
69939
23286
0
5878
173263
0
1634018
242685
255
29968
32687
10108
-1
93
12438
0
571
309755
143990
599
0
382
0
0
378667
19079
32984
9795
73
-1
66518
8314
112703
1096
8227
1348906
666124
93134
66337
2215
0
10758
8507
7547
4801
3527

Anonymous

0
************************************************************************
***    "The Trading Club"
************************************************************************
ADD these members to the sheet
5006871
108450
584089
47788
447347
16462
0
3664
0
0
1048184
116975
345
110
7562
7232
541
26621
721
0


************************************************************************
***    "Team Fabibi"
************************************************************************
ADD these members to the sheet
-1
298477
72826
132175
19643
99041
122583
56271
57680
16605
13305
20008
1899
28250
0
304491
0
0
3350
192
59955
0
0
26
-1
4457024
0
0
41284
50428


************************************************************************
***    "The Nashians "
************************************************************************
ADD these members to the sheet
40641
14015
-1
170461
118022
16476
63419
253
17330
4739
-1
68
834396
5007
42596
284005


************************************************************************
***    "Gunbot Team"
************************************************************************
ADD these members to the sheet
708865
8150
3143
1297
1913
154622
0
0
4999
0
13617
0
52589
0
2029
0
0
2171
0
0
0

Anonymous
Anonymous
Anonymous
Anonymous

0
0
0
0
************************************************************************
***    "Solo"
************************************************************************
ADD these members to the sheet
5689809
5006871
3420368
-1
1348906
2434674
1922956
869222
40641
369584
668972
47092
188576
651674
510471
834396
509776
340035
136419
298477
739254
14015
180062
285092
-1
173256
72826
1114999
242685
364328
234748
309755
666124
102505
28193
1923422
708865
52865
1636916
137562
385164
387986
122499
75862
594331
1634018
17106
170461
122583
216490
99041
116975
29548
19643
60996
35055
650704
57680
63419
170554
584089
304491
-1
12167
108450
55362
112089
152211
118022
15256
12190
16476
29968
-1
168202
14037
170726
49165
16462
23568
56271
60623
67714
-1
476033
32687
378667
154622
110262
83988
1501423
84018
66337
143990
69939
32692
41996
47788
35622
447347
1048184
972391
28651
173263
52589
132175
43457
10826
32024
149258
85589
66518
41284
40264
93134
41211
73421
43240
49007
28745
66865
59955
26621
19697
24629
10465
18907
22232
413643
50428
56084
23286
51846
27793
44335
4457024
19079
12438
-1
387686
44927
39141
30302
10959
22113
23336
12519
30406
159601
65205
16582
18129
16605
284005
26207
42596
20008
32984
439319
19458
19926
152979
13840
21686
12890
15812
17121
27006
12778
15036
112703
15895
14471
13617
13305
13996
54005
16447
12066
12003
10108
18099
30641
11284
10758
20641
10734
157127
31642
12102
11037
12221

SB
DV
MS
TK
FGH
MA

31583
28250
24925
17330
11938
10281
results end here -------------------------------------------------------
