results start here -------------------------------------------------------
72547774
41364710
29529988
13587325
8160127
3679203
1115674
0
0
0
0

138
63
20
28
14
25
0
0
0
0

108
52
17
24
14
12
0
0
0
0

80
39
11
18
12
4
0
0
0
0

1
2
3
4
5
6
0
0
0
0
PROCESSING SQUADS DONE
************************************************************************
***    "Team CloudBot"
************************************************************************
ADD these members to the sheet
6960689
4979890
2433597
782103
1809428
1321394
357577
295200
374517
1148427
724229
341110
102505
1560888
-1
56406
385164
-1
1321726
25297
115468
268415
473811
83504
205778
28975
27649
27974
603
138019
19444
26736
49773
196354
2002
111687
10077
361
225333
0
51794
0
1645
0
47219
18675
26855
1403
4552
1866
0
160
0
0
15954
0
703
12890
36
0
0
8685
9508
68
208
0
1521
32094
0
0
1549930
49243
43210
243
159778
3025381
0
869222
533982
75862
70133
0
11587
0
2096
-1
2776
12190
-1
10844
10180
0
0
1501423
28651
879
133843
3367
63089
18
556105
916109
32024
1368
0
0
11264
91963
8
0
0
-1
44927
29529
73786
21956
0
0
341461
5215
0
0
161384
47092
373966
0
56283
35055
1681110
11003
4203
7106
1189165
116873
108502
22212
0
3192
0
0
29653

SB
Anonymous

6269
0
************************************************************************
***    "All for Nash"
************************************************************************
ADD these members to the sheet
12201174
1141152
1103700
191428
2232675
79177
268345
53670
41211
2644
1390
0
152
0
137571
0
188576
746998
107918
39359
0
7409
658059
0
2769747
715935
745
30127
33317
21532
-1
238
13330
0
571
610447
311033
20751
0
7688
0
0
855705
34228
32984
12489
546
-1
127504
24456
112703
1096
11076
1681984
1445802
1296895
83305
2215
0
24843
14881
10467
9251
9462

Anonymous

0
************************************************************************
***    "The Trading Club"
************************************************************************
ADD these members to the sheet
9367305
247996
940578
56346
1483535
19646
0
4045
0
0
1247807
146083
10034
3566
7562
17897
791
31678
1485
962


************************************************************************
***    "Team Fabibi"
************************************************************************
ADD these members to the sheet
-1
301770
108200
135213
19979
132056
141650
75493
74724
18229
19246
20733
4204
33885
0
581485
164
1854
3350
12723
68038
0
12
2329
-1
6300577
0
0
50591
53608


************************************************************************
***    "The Nashians "
************************************************************************
ADD these members to the sheet
50817
16321
-1
173549
237430
16538
66624
1755
19340
10498
-1
68
2494028
11742
66053
514435


************************************************************************
***    "Gunbot Team"
************************************************************************
ADD these members to the sheet
712486
9319
3149
1297
8973
278577
0
0
8642
3856
16558
0
68612
0
2029
0
0
2171
0
0
0

Anonymous
Anonymous
Anonymous
Anonymous

0
0
0
0
************************************************************************
***    "Solo"
************************************************************************
ADD these members to the sheet
12201174
9367305
6960689
-1
1681984
4979890
2433597
869222
50817
782103
1809428
119743
188576
1141152
1103700
2494028
1321394
357577
370637
301770
1681110
16321
191428
295200
-1
374517
108200
1148427
715935
724229
341110
610447
1445802
102505
28477
3025381
712486
2318852
2232675
746998
385164
533982
159778
75862
1560888
2769747
19444
173549
141650
556105
132056
146083
-1
19979
63089
35055
916109
74724
66624
373966
940578
581485
-1
12167
247996
79177
137571
268345
237430
15256
12190
16538
30127
-1
168202
15560
494323
49243
19646
32094
75493
138019
111687
-1
1321726
33317
855705
278577
268415
189491
1501423
98315
139962
311033
107918
138282
53670
56346
44681
1483535
1247807
1052707
28651
658059
68612
135213
115468
10844
32024
473811
198549
127504
50591
40264
1296895
41211
205778
66400
116873
70352
196354
68038
31678
19697
133843
11326
25297
58123
1189165
53608
56406
39359
53853
27974
83504
6300577
34228
13330
-1
1549930
44927
73786
88189
17246
49773
47219
13042
265657
161384
225333
26736
28975
18229
514435
82843
66053
20733
32984
-1
39070
54862
341461
13840
21686
12890
19428
29529
27006
12778
20807
112703
27880
18783
16558
19246
121790
70133
27545
29861
12003
21532
51794
108502
14914
24843
56283
22212
224664
161456
19979
22231
27649
40936
16718
29858
12489
107004
15954
16512
29653
24456
16806
102271
27471
26427
126636
11003
13469
15840
11076
123251
39256
19753
26855
118455
12723
12159
14881
18675
10467
91963
31067
12576
138252
10180
70752
33754
11743
14206
24488
26754
11695
186469
40883
72176
144636
25610
16881
23788
277699
11587
17897
14026
20751
22402
25469
87324
12632
11969
11264
32593
10077
11742
13546
21956
11750
15960
11278
11407
10034
12932
10498
26471
12188
89429
15667
14650
13964
12910

MS
PA
MA
SB
MS
DV
GB
Anonymous
FGH
VM
TK
MA
MB

259155
107607
83305
47092
43210
33885
31001
26377
23879
19458
19340
14709
11327
results end here -------------------------------------------------------
