results start here -------------------------------------------------------
27190456
16053452
10559535
5129806
4239426
1150881
893039
0
0
0
0

129
53
18
27
14
24
0
0
0
0

96
42
14
20
13
11
0
0
0
0

61
28
9
15
10
3
0
0
0
0

1
2
3
4
5
6
0
0
0
0
PROCESSING SQUADS DONE
************************************************************************
***    "Team CloudBot"
************************************************************************
ADD these members to the sheet
2622768
1720404
1214845
268843
398358
365437
292760
227946
129050
1093747
273672
162618
94822
402216
-1
48998
284049
-1
121984
15851
30404
60459
92355
24012
59722
12986
7643
26658
450
43989
17106
11986
15291
56860
232
45725
3554
361
25200
0
1890
0
132
0
12785
4351
3890
0
4552
1866
0
0
0
0
4660
0
703
12890
0
0
0
8685
3348
68
0
0
0
23568
0
0
170551
30087
11350
243
74552
1399766
0
869222
323213
75862
4159
0
6806
0
2096
-1
1295
12190
29548
10826
3523
0
0
1276138
28651
879
17839
3367
47250
18
127666
365003
32024
882
0
0
7496
6343
8
0
0
-1
44695
11756
35210
693
0
0
42721
916
0
0
62526
106
110151
0
2520
35055
399241
7570
0
4648

Anonymous

0
************************************************************************
***    "All for Nash"
************************************************************************
ADD these members to the sheet
4225927
478399
359743
139809
1221796
46244
129551
35449
34372
1129
414
0
12
0
73550
0
181857
107619
67888
18281
0
5878
153441
0
1234632
162701
255
29968
21964
9917
-1
93
11212
0
510
218079
80471
599
0
382
0
0
196653
13297
17722
8556
73
-1
42970
6959
12374
1096
0
1207673

Anonymous

0
************************************************************************
***    "The Trading Club"
************************************************************************
ADD these members to the sheet
3750743
69903
390009
39265
130338
15413
0
865
0
0
588582
115550
345
0
7562
6087
221
14918


************************************************************************
***    "Team Fabibi"
************************************************************************
ADD these members to the sheet
-1
236494
54387
25009
18652
90155
110510
35355
43242
12612
9937
14758
1358
28002
0
209211
0
0
1510
192
34568
0
0
21
-1
3274472
0
0
38973


************************************************************************
***    "The Nashians "
************************************************************************
ADD these members to the sheet
40641
14015
-1
163821
72139
15045
63419
0
16606
3327
-1
68
538859
3403
39134
180397


************************************************************************
***    "Gunbot Team"
************************************************************************
ADD these members to the sheet
707408
8150
3100
276
569
108992
0
0
4418
0
9293
0
46628
0
2029
0
0
2171
0
0

Anonymous
Anonymous
Anonymous
Anonymous

0
0
0
0
************************************************************************
***    "Solo"
************************************************************************
ADD these members to the sheet
4225927
3750743
2622768
-1
1207673
1720404
1214845
869222
40641
268843
398358
30048
181857
478399
359743
538859
365437
292760
109021
236494
399241
14015
139809
227946
-1
129050
54387
1093747
162701
273672
162618
218079
459594
94822
28193
1399766
707408
52865
1221796
107619
284049
323213
74552
75862
402216
1234632
17106
163821
110510
127666
90155
115550
29548
18652
47250
35055
365003
43242
63419
110151
390009
209211
-1
12167
69903
46244
73550
129551
72139
15256
12190
15045
29968
-1
168202
14037
121116
30087
15413
23568
35355
43989
45725
-1
121984
21964
196653
108992
60459
17067
1276138
37030
55373
80471
67888
18684
35449
39265
35622
130338
588582
972391
28651
153441
46628
25009
30404
10826
32024
92355
75072
42970
38973
40264
81036
34372
59722
33710
34887
28745
56860
34568
14918
19697
17839
10465
15851
22232
201745
36419
48998
18281
15093
26658
24012
3274472
13297
11212
-1
170551
44695
35210
16139
10959
15291
12785
12519
30406
62526
25200
11986
12986
12612
180397
12909
39134
14758
17722
439319
19458
16995
42721
13840
21686
12890
13356
11756
20689
12778
13202
12374

DV
TK
MS

28002
16606
11350
results end here -------------------------------------------------------
