results start here -------------------------------------------------------
55467506
32821028
22505683
11010912
7526028
2753800
1050873
0
0
0
0

138
63
20
28
14
25
0
0
0
0

106
52
16
23
14
12
0
0
0
0

76
38
9
18
10
4
0
0
0
0

1
2
3
4
5
6
0
0
0
0
PROCESSING SQUADS DONE
************************************************************************
***    "Team CloudBot"
************************************************************************
ADD these members to the sheet
5007810
3591663
2417359
565149
1482812
906728
356598
295200
217649
1116375
522306
303182
102505
961331
-1
56406
385164
-1
1123613
22148
75383
192437
281816
66660
193086
25843
18381
27793
603
96774
19444
21859
29888
166145
749
90339
9113
361
143763
0
24137
0
1645
0
38139
16828
23995
1342
4552
1866
0
0
0
0
15805
0
703
12890
36
0
0
8685
3890
68
200
0
0
27516
0
0
867440
49243
36822
243
159778
2818282
0
869222
426801
75862
63850
0
9900
0
2096
-1
1295
12190
-1
10844
10180
0
0
1501423
28651
879
67077
3367
60996
18
366998
884678
32024
960
0
0
9474
47354
8
0
0
-1
44927
28733
59818
4355
0
0
264718
3657
0
0
161384
47092
242700
0
40644
35055
1416264
10520
3723
7106
745200
89224
64406
17647
0
3192
0
0
29653

SB
Anonymous

6269
0
************************************************************************
***    "All for Nash"
************************************************************************
ADD these members to the sheet
8769295
1019497
826066
191428
1958566
66973
231950
52232
41211
2644
1390
0
12
0
131090
0
188576
482242
96488
34104
0
5878
196063
0
2461890
513996
436
30127
32836
14357
-1
238
13330
0
571
445604
262796
7762
0
382
0
0
646655
19206
32984
12489
89
-1
115166
17091
112703
1096
11076
1355977
1047857
911597
81203
2215
0
18436
12964
10467
8048
8306

Anonymous

0
************************************************************************
***    "The Trading Club"
************************************************************************
ADD these members to the sheet
7485644
160034
797592
56346
1040047
19385
0
3834
0
0
1244530
145844
6000
787
7562
9556
697
31678
1366
0


************************************************************************
***    "Team Fabibi"
************************************************************************
ADD these members to the sheet
-1
301770
92931
132175
19732
122011
137884
63655
67274
18064
18647
20490
3959
33680
0
463316
164
137
3350
12585
68038
0
0
44
-1
5851101
0
0
41619
53393


************************************************************************
***    "The Nashians "
************************************************************************
ADD these members to the sheet
41125
15129
-1
173496
197681
16538
63424
722
19145
7552
-1
68
1705823
9884
53928
449278


************************************************************************
***    "Gunbot Team"
************************************************************************
ADD these members to the sheet
712195
9319
3149
1297
6380
228892
0
0
6413
1832
16157
0
61032
0
2029
0
0
2171
0
0
0

Anonymous
Anonymous
Anonymous
Anonymous

0
0
0
0
************************************************************************
***    "Solo"
************************************************************************
ADD these members to the sheet
8769295
7485644
5007810
-1
1355977
3591663
2417359
869222
41125
565149
1482812
74151
188576
1019497
826066
1705823
906728
356598
297287
301770
1416264
15129
191428
295200
-1
217649
92931
1116375
513996
522306
303182
445604
1047857
102505
28272
2818282
712195
1161768
1958566
482242
385164
426801
159778
75862
961331
2461890
19444
173496
137884
366998
122011
145844
-1
19732
60996
35055
884678
67274
63424
242700
797592
463316
-1
12167
160034
66973
131090
231950
197681
15256
12190
16538
30127
-1
168202
14037
309670
49243
19385
27516
63655
96774
90339
-1
1123613
32836
646655
228892
192437
168905
1501423
98315
139962
262796
96488
91343
52232
56346
42356
1040047
1244530
972391
28651
196063
61032
132175
75383
10844
32024
281816
154262
115166
41619
40264
911597
41211
193086
50306
89224
28745
166145
68038
31678
19697
67077
11326
22148
30304
745200
53393
56406
34104
53853
27793
66660
5851101
19206
13330
-1
867440
44927
59818
88189
17221
29888
38139
12519
265657
161384
143763
21859
25843
18064
449278
67607
53928
20490
32984
-1
28498
47644
264718
13840
21686
12890
19428
28733
27006
12778
18904
112703
27880
18230
16157
18647
81467
63850
22781
19254
12003
14357
24137
64406
13983
18436
40644
17647
224664
158446
12218
11037
18381
16590
13757
17443
12489
52872
15805
10200
29653
17091
12246
102271
27197
21943
27338
10520
10653
13227
11076
123251
21187
17854
23995
118445
12585
12159
12964
16828
10467
47354
30969
12576
78567
10180
31001
14993
10199
11472
24488
22953
10096
82930
19711
56697
57620
14114
10861

MS
MA
SB
PA
MS
DV
Anonymous
VM
TK
MA
FGH

151069
81203
47092
36876
36822
33680
26315
19458
19145
14709
11938
results end here -------------------------------------------------------
