results start here -------------------------------------------------------
26182462
15072219
8856828
4885618
4077126
1093810
889944
0
0
0
0

124
51
18
27
14
24
0
0
0
0

92
41
14
20
13
11
0
0
0
0

58
26
9
15
10
3
0
0
0
0

1
2
3
4
5
6
0
0
0
0
PROCESSING SQUADS DONE
************************************************************************
***    "Team CloudBot"
************************************************************************
ADD these members to the sheet
2563706
1651938
1180654
264816
363336
349200
288256
220672
125011
1089257
267062
154026
94822
357765
-1
46517
273501
-1
116175
15737
28760
56155
86284
21696
58186
12747
7265
26141
450
43004
17106
11558
14654
55221
232
43235
3330
361
21825
0
1791
0
132
0
12785
4121
3778
0
4552
1866
0
0
0
0
4493
0
703
12890
0
0
0
3819
3348
68
0
0
0
23568
0
0
160958
27903
8933
243
67965
1366565
0
865980
315385
75862
3645
0
6668
0
2096
-1
1295
12190
29548
10826
3122
0
0
1211293
28651
879
17451
3367
45360
18
121514
345242
32024
882
0
0
7496
6343
8
0
0
-1
44695
10758
34474
693
0
0
31872
816
0
0
50270
106
108381
0
1821

Anonymous

0
************************************************************************
***    "All for Nash"
************************************************************************
ADD these members to the sheet
3996404
467421
344586
139809
1160563
46244
129551
33093
33319
1129
414
0
12
0
71601
0
176373
104377
67888
18281
0
5878
150769
0
1158910
153802
255
29968
20816
9650
-1
93
11212
0
510
207302
71139
599
0
382
0
0
153550
13297
15797
8556
73
-1
41137
6959
3993
1096

Anonymous

0
************************************************************************
***    "The Trading Club"
************************************************************************
ADD these members to the sheet
3618997
68179
378351
36099
121391
15413
0
865
0
0
501853
115550
345
0
7562
5945
145
14918


************************************************************************
***    "Team Fabibi"
************************************************************************
ADD these members to the sheet
-1
236494
51424
22933
18652
88673
109214
33868
43242
11496
9548
14758
1333
28002
0
209211
0
0
1510
192
30290
0
0
21
-1
3128044
0
0
38212


************************************************************************
***    "The Nashians "
************************************************************************
ADD these members to the sheet
40641
14015
-1
157203
70372
15045
62414
0
16606
3100
-1
68
514638
3116
29495
167092


************************************************************************
***    "Gunbot Team"
************************************************************************
ADD these members to the sheet
707408
8150
3100
276
377
108992
0
0
4418
0
9293
0
43725
0
2029
0
0
2171
0
0

Anonymous
Anonymous
Anonymous
Anonymous

0
0
0
0
************************************************************************
***    "Solo"
************************************************************************
ADD these members to the sheet
3996404
3618997
2563706
-1
1192938
1651938
1180654
865980
40641
264816
363336
30048
176373
467421
344586
514638
349200
288256
104126
236494
363056
14015
139809
220672
-1
125011
51424
1089257
153802
267062
154026
207302
446428
94822
28193
1366565
707408
52865
1160563
104377
273501
315385
67965
75862
357765
1158910
17106
157203
109214
121514
88673
115550
29548
18652
45360
35055
345242
43242
62414
108381
378351
209211
-1
12167
68179
46244
71601
129551
70372
15256
12190
15045
29968
-1
168202
14037
109900
27903
15413
23568
33868
43004
43235
-1
116175
20816
153550
108992
56155
17067
1211293
35130
54116
71139
67888
18684
33093
36099
33547
121391
501853
972391
28651
150769
43725
22933
28760
10826
32024
86284
58533
41137
38212
40264
79760
33319
58186
30793
31631
28745
55221
30290
14918
19697
17451
10465
15737
22232
167935
36419
46517
18281
15093
26141
21696
3128044
13297
11212
-1
160958
44695
34474
16139
10959
14654
12785
12519
30406
50270
21825
11558
12747
11496
167092
12909
29495
14758
15797
439319
19458
16995
31872
13840
21686
12890
12138
10758

DV
TK

28002
16606
results end here -------------------------------------------------------
