results start here -------------------------------------------------------
60718422
35233821
24171856
11894464
8064715
3111447
1090447
0
0
0
0

138
63
20
28
14
25
0
0
0
0

106
52
17
24
14
12
0
0
0
0

78
39
10
18
10
4
0
0
0
0

1
2
3
4
5
6
0
0
0
0
PROCESSING SQUADS DONE
************************************************************************
***    "Team CloudBot"
************************************************************************
ADD these members to the sheet
5502201
3966608
2433597
630779
1644919
990727
357577
295200
251296
1119487
573103
323042
102505
1049148
-1
56406
385164
-1
1272218
22148
89435
217455
330085
77919
197013
28337
22882
27793
603
106998
19444
25894
33666
182979
1164
107185
9828
361
177025
0
30286
0
1645
0
45808
18675
25814
1403
4552
1866
0
0
0
0
15805
0
703
12890
36
0
0
8685
3890
68
200
0
0
32094
0
0
1012366
49243
39617
243
159778
2833838
0
869222
455721
75862
66161
0
10090
0
2096
-1
1295
12190
-1
10844
10180
0
0
1501423
28651
879
77366
3367
61900
18
419479
896599
32024
960
0
0
10830
79901
8
0
0
-1
44927
28733
66732
4627
0
0
288099
4035
0
0
161384
47092
289865
0
53483
35055
1416264
10520
3723
7106
956148
109186
87991
20919
0
3192
0
0
29653

SB
Anonymous

6269
0
************************************************************************
***    "All for Nash"
************************************************************************
ADD these members to the sheet
9154858
1029007
943631
191428
2037668
69225
246003
52282
41211
2644
1390
0
12
0
134641
0
188576
561543
103217
36292
0
7398
215312
0
2705003
575403
436
30127
32836
18597
-1
238
13330
0
571
486005
301716
13376
0
428
0
0
768797
29881
32984
12489
89
-1
124991
19468
112703
1096
11076
1369452
1160478
1184576
81703
2215
0
21759
14488
10467
9251
9462

Anonymous

0
************************************************************************
***    "The Trading Club"
************************************************************************
ADD these members to the sheet
8087742
173957
850341
56346
1243868
19646
0
3834
0
0
1246262
145844
7057
1991
7562
15808
791
31678
1366
360


************************************************************************
***    "Team Fabibi"
************************************************************************
ADD these members to the sheet
-1
301770
92931
135213
19732
131743
137884
67420
73954
18064
19097
20733
4053
33680
0
581485
164
137
3350
12633
68038
0
12
44
-1
6247554
0
0
41619
53393


************************************************************************
***    "The Nashians "
************************************************************************
ADD these members to the sheet
41125
15129
-1
173549
223915
16538
66624
752
19340
8598
-1
68
2001112
9956
62913
471822


************************************************************************
***    "Gunbot Team"
************************************************************************
ADD these members to the sheet
712486
9319
3149
1297
8372
258331
0
0
8112
1832
16558
0
66785
0
2029
0
0
2171
0
0
0

Anonymous
Anonymous
Anonymous
Anonymous

0
0
0
0
************************************************************************
***    "Solo"
************************************************************************
ADD these members to the sheet
9154858
8087742
5502201
-1
1369452
3966608
2433597
869222
41125
630779
1644919
101363
188576
1029007
943631
2001112
990727
357577
349397
301770
1416264
15129
191428
295200
-1
251296
92931
1119487
575403
573103
323042
486005
1160478
102505
28477
2833838
712486
1671902
2037668
561543
385164
455721
159778
75862
1049148
2705003
19444
173549
137884
419479
131743
145844
-1
19732
61900
35055
896599
73954
66624
289865
850341
581485
-1
12167
173957
69225
134641
246003
223915
15256
12190
16538
30127
-1
168202
14133
380030
49243
19646
32094
67420
106998
107185
-1
1272218
32836
768797
258331
217455
171315
1501423
98315
139962
301716
103217
101440
52282
56346
42356
1243868
1246262
972391
28651
215312
66785
135213
89435
10844
32024
330085
198549
124991
41619
40264
1184576
41211
197013
63421
109186
28745
182979
68038
31678
19697
77366
11326
22148
30304
956148
53393
56406
36292
53853
27793
77919
6247554
29881
13330
-1
1012366
44927
66732
88189
17246
33666
45808
13042
265657
161384
177025
25894
28337
18064
471822
68326
62913
20733
32984
-1
39070
54339
288099
13840
21686
12890
19428
28733
27006
12778
20807
112703
27880
18783
16558
19097
110227
66161
27545
23528
12003
18597
30286
87991
13983
21759
53483
20919
224664
160233
19946
11037
22882
16590
14751
23649
12489
78303
15805
13290
29653
19468
13917
102271
27197
26427
27790
10520
10653
15840
11076
123251
26352
19139
25814
118445
12633
12159
14488
18675
10467
79901
30969
12576
117656
10180
31001
20935
10199
14206
24488
26754
10096
177812
40883
72176
132912
14114
16881
18202
258995
10090
15808
14026
13376
18299
15089
20349
12632
10803
10830

MS
PA
MA
SB
MS
DV
Anonymous
VM
TK
MA
FGH

233109
104872
81703
47092
39617
33680
26377
19458
19340
14709
11938
results end here -------------------------------------------------------
