results start here -------------------------------------------------------
33308337
20836608
14116950
6830595
5578379
1387963
938097
0
0
0
0

138
63
20
28
14
25
0
0
0
0

102
52
16
21
14
11
0
0
0
0

67
32
9
17
10
4
0
0
0
0

1
2
3
4
5
6
0
0
0
0
PROCESSING SQUADS DONE
************************************************************************
***    "Team CloudBot"
************************************************************************
ADD these members to the sheet
3250153
2200312
1652742
349729
589982
466446
337274
248516
162904
1105669
338122
216258
102505
558598
-1
56084
342252
-1
265920
18907
40714
95694
124495
36453
72971
15948
9022
27754
603
53672
17106
14078
19402
65396
272
54404
4535
361
56423
0
12154
0
132
0
16531
5747
3999
0
4552
1866
0
0
0
0
8832
0
703
12890
0
0
0
8685
3354
68
200
0
0
23568
0
0
330470
39807
22270
243
112079
1726657
0
869222
371371
75862
49058
0
8239
0
2096
-1
1295
12190
29548
10826
5390
0
0
1501423
28651
879
21575
3367
57707
18
168754
551581
32024
934
0
0
7496
6343
8
0
0
-1
44927
17024
39141
693
0
0
138531
1819
0
0
159384
30646
144697
0
9703
35055
642744
8713
0
5962
351647
46364
22368
8706
0
0
0
0

SB
Anonymous

6091
0
************************************************************************
***    "All for Nash"
************************************************************************
ADD these members to the sheet
5665269
587060
444171
158685
1524474
49763
129551
38520
41211
1129
1390
0
12
0
107330
0
188576
131153
69939
21378
0
5878
168665
0
1384572
218568
255
29968
27518
10062
-1
93
12438
0
510
282194
133622
599
0
382
0
0
303133
13297
32984
8556
73
-1
60932
7492
104491
1096
4350
1347394
611490
91263
65026
2215
0
8977
7581
4692
4089
2859

Anonymous

0
************************************************************************
***    "The Trading Club"
************************************************************************
ADD these members to the sheet
4699013
98588
523561
45891
348008
16462
0
1705
0
0
942127
116975
345
28
7562
7138
245
22218
721
0


************************************************************************
***    "Team Fabibi"
************************************************************************
ADD these members to the sheet
-1
283431
69953
85984
19643
92504
115707
45774
48813
14964
11933
20008
1802
28002
0
255204
0
0
3350
192
57223
0
0
26
-1
4336311
0
0
40004
47542


************************************************************************
***    "The Nashians "
************************************************************************
ADD these members to the sheet
40641
14015
-1
168777
115167
15045
63419
253
17330
4441
-1
68
639439
4529
42596
262238


************************************************************************
***    "Gunbot Team"
************************************************************************
ADD these members to the sheet
708766
8150
3100
1297
1315
142665
0
0
4999
0
13617
0
49983
0
2029
0
0
2171
0
0
0

Anonymous
Anonymous
Anonymous
Anonymous

0
0
0
0
************************************************************************
***    "Solo"
************************************************************************
ADD these members to the sheet
5665269
4699013
3250153
-1
1347394
2200312
1652742
869222
40641
349729
589982
30646
188576
587060
444171
639439
466446
337274
125228
283431
642744
14015
158685
248516
-1
162904
69953
1105669
218568
338122
216258
282194
611490
102505
28193
1726657
708766
52865
1524474
131153
342252
371371
112079
75862
558598
1384572
17106
168777
115707
168754
92504
116975
29548
19643
57707
35055
551581
48813
63419
144697
523561
255204
-1
12167
98588
49763
107330
129551
115167
15256
12190
15045
29968
-1
168202
14037
161254
39807
16462
23568
45774
53672
54404
-1
265920
27518
303133
142665
95694
61426
1501423
60105
65026
133622
69939
24076
38520
45891
35622
348008
942127
972391
28651
168665
49983
85984
40714
10826
32024
124495
85589
60932
40004
40264
91263
41211
72971
38500
46364
28745
65396
57223
22218
19697
21575
10465
18907
22232
351647
47542
56084
21378
40684
27754
36453
4336311
13297
12438
-1
330470
44927
39141
29303
10959
19402
16531
12519
30406
159384
56423
14078
15948
14964
262238
12909
42596
20008
32984
439319
19458
16995
138531
13840
21686
12890
14590
17024
20689
12778
15036
104491
15895
14471
13617
11933
13996
49058
13359
12066
12003
10062
12154
22368

SB
DV
MS
TK

30048
28002
22270
17330
results end here -------------------------------------------------------
