results start here -------------------------------------------------------
59150684
34367128
23672853
11513466
7858210
3008192
1080877
0
0
0
0

138
63
20
28
14
25
0
0
0
0

106
52
17
23
14
12
0
0
0
0

77
39
10
18
10
4
0
0
0
0

1
2
3
4
5
6
0
0
0
0
PROCESSING SQUADS DONE
************************************************************************
***    "Team CloudBot"
************************************************************************
ADD these members to the sheet
5346101
3818516
2433597
611018
1577458
954490
356598
295200
236948
1119487
551551
313665
102505
1011165
-1
56406
385164
-1
1204017
22148
84892
206783
319620
72705
195478
27859
21222
27793
603
103630
19444
24819
32978
180400
959
104974
9804
361
163519
0
27912
0
1645
0
43098
18675
24463
1403
4552
1866
0
0
0
0
15805
0
703
12890
36
0
0
8685
3890
68
200
0
0
27516
0
0
968502
49243
39617
243
159778
2833838
0
869222
445904
75862
65587
0
10090
0
2096
-1
1295
12190
-1
10844
10180
0
0
1501423
28651
879
74448
3367
61900
18
398371
896599
32024
960
0
0
9917
71098
8
0
0
-1
44927
28733
61818
4627
0
0
278918
4035
0
0
161384
47092
273698
0
48565
35055
1416264
10520
3723
7106
882577
103494
74573
19415
0
3192
0
0
29653

SB
Anonymous

6269
0
************************************************************************
***    "All for Nash"
************************************************************************
ADD these members to the sheet
9044363
1029007
888881
191428
2009374
68760
240922
52282
41211
2644
1390
0
12
0
133749
0
188576
504159
103217
35778
0
7398
209454
0
2639440
558907
436
30127
32836
17382
-1
238
13330
0
571
477444
284958
12165
0
407
0
0
737703
19206
32984
12489
89
-1
118581
18871
112703
1096
11076
1362463
1121737
1156881
81392
2215
0
20039
13792
10467
8979
9219

Anonymous

0
************************************************************************
***    "The Trading Club"
************************************************************************
ADD these members to the sheet
7843245
168161
832996
56346
1135270
19646
0
3834
0
0
1246262
145844
6000
1628
7562
12469
791
31678
1366
360


************************************************************************
***    "Team Fabibi"
************************************************************************
ADD these members to the sheet
-1
301770
92931
135213
19732
131743
137884
66106
73166
18064
19097
20490
4024
33680
0
522214
164
137
3350
12633
68038
0
0
44
-1
6102709
0
0
41619
53393


************************************************************************
***    "The Nashians "
************************************************************************
ADD these members to the sheet
41125
15129
-1
173496
217896
16538
66624
752
19340
8286
-1
68
1916015
9956
53928
469033


************************************************************************
***    "Gunbot Team"
************************************************************************
ADD these members to the sheet
712486
9319
3149
1297
7525
250496
0
0
8112
1832
16558
0
65897
0
2029
0
0
2171
0
0
0

Anonymous
Anonymous
Anonymous
Anonymous

0
0
0
0
************************************************************************
***    "Solo"
************************************************************************
ADD these members to the sheet
9044363
7843245
5346101
-1
1362463
3818516
2433597
869222
41125
611018
1577458
84955
188576
1029007
888881
1916015
954490
356598
339225
301770
1416264
15129
191428
295200
-1
236948
92931
1119487
558907
551551
313665
477444
1121737
102505
28477
2833838
712486
1671902
2009374
504159
385164
445904
159778
75862
1011165
2639440
19444
173496
137884
398371
131743
145844
-1
19732
61900
35055
896599
73166
66624
273698
832996
522214
-1
12167
168161
68760
133749
240922
217896
15256
12190
16538
30127
-1
168202
14133
359087
49243
19646
27516
66106
103630
104974
-1
1204017
32836
737703
250496
206783
171315
1501423
98315
139962
284958
103217
101440
52282
56346
42356
1135270
1246262
972391
28651
209454
65897
135213
84892
10844
32024
319620
176407
118581
41619
40264
1156881
41211
195478
55246
103494
28745
180400
68038
31678
19697
74448
11326
22148
30304
882577
53393
56406
35778
53853
27793
72705
6102709
19206
13330
-1
968502
44927
61818
88189
17246
32978
43098
12519
265657
161384
163519
24819
27859
18064
469033
67866
53928
20490
32984
-1
39070
52654
278918
13840
21686
12890
19428
28733
27006
12778
18904
112703
27880
18783
16558
19097
99167
65587
27545
23528
12003
17382
27912
74573
13983
20039
48565
19415
224664
158446
17382
11037
21222
16590
14751
23649
12489
63293
15805
10200
29653
18871
13917
102271
27197
26427
27760
10520
10653
13992
11076
123251
26352
19139
24463
118445
12633
12159
13792
18675
10467
71098
30969
12576
101205
10180
31001
20935
10199
11472
24488
26754
10096
158195
19711
72176
110458
14114
16881
18202
190269
10090
12469
14026
12165

MS
PA
MA
SB
MS
DV
Anonymous
VM
TK
MA
FGH

228150
86509
81392
47092
39617
33680
26377
19458
19340
14709
11938
results end here -------------------------------------------------------
