results start here -------------------------------------------------------
22132548
12992306
7227110
3879978
3341889
938229
847469
0
0
0
0

121
45
18
26
14
23
0
0
0
0

89
35
14
19
13
10
0
0
0
0

54
24
9
14
10
3
0
0
0
0

1
2
3
4
5
6
0
0
0
0
PROCESSING SQUADS DONE
************************************************************************
***    "Team CloudBot"
************************************************************************
ADD these members to the sheet
2187488
1581153
1009069
221160
283689
310759
281068
170850
120350
852888
221586
132466
80605
328646
-1
34236
244408
-1
87981
14708
23742
44638
62951
15680
51075
10641
5717
11878
450
39455
15724
11460
12403
47477
232
26112
3150
361
14599
0
1078
0
132
0
12561
2449
3487
0
0
1824
0
0
0
0
724
0
703
8582
0
0
0
795
3348
68
0
0
0
23568
0
0
110713
23804
5865
243
62978
1278887
0
865980
292826
75862
3211
0
5711
0
2096
-1
1295
12190
29548
10826
2483
0
0
988404
28651
879
15661
3367
41082
18
98258
258901
31180
713
0
0
7496
4093
8
0
0
-1
44695
7620
30942
488
0
0
6078
536
0
0
18466
35

Anonymous

0
************************************************************************
***    "All for Nash"
************************************************************************
ADD these members to the sheet
3268859
310091
304763
118122
990660
34512
100032
26553
29459
1129
414
0
12
0
54119
0
149924
87792
54602
17658
0
1580
128938
0
1006656
128874
255
29968
20816
9573
-1
93
11212
0
372
180457
59247
599
0
382
0
0
76573
13297
9500

Anonymous

0
************************************************************************
***    "The Trading Club"
************************************************************************
ADD these members to the sheet
3105995
62498
357428
28572
103486
15413
0
865
0
0
101628
76700
345
0
7562
4636
68
14775


************************************************************************
***    "Team Fabibi"
************************************************************************
ADD these members to the sheet
-1
213916
47363
22933
18452
71853
102904
31224
40291
10585
7994
10071
1309
27246
0
118180
0
0
169
192
21796
0
0
21
-1
2595380
0
0


************************************************************************
***    "The Nashians "
************************************************************************
ADD these members to the sheet
40641
14015
-1
119604
61731
15045
61302
0
16606
2849
-1
68
462287
2625
11753
129698


************************************************************************
***    "Gunbot Team"
************************************************************************
ADD these members to the sheet
701153
3225
2012
94
207
94750
0
0
3508
0
5864
0
35126
0
1527
0
0
0
0

Anonymous
Anonymous
Anonymous
Anonymous

0
0
0
0
************************************************************************
***    "Solo"
************************************************************************
ADD these members to the sheet
3268859
3105995
2187488
-1
1137292
1581153
1009069
865980
40641
221160
283689
30048
149924
310091
304763
462287
310759
281068
104126
213916
291892
14015
118122
170850
-1
120350
47363
852888
128874
221586
132466
180457
406167
80605
28193
1278887
701153
52865
990660
87792
244408
292826
62978
75862
328646
1006656
15724
119604
102904
98258
71853
76700
29548
18452
41082
34653
258901
40291
61302
94777
357428
118180
-1
12167
62498
34512
54119
100032
61731
15256
12190
15045
29968
-1
160541
14037
87030
23804
15413
23568
31224
39455
26112
-1
87981
20816
76573
94750
44638
12216
988404
24850
41155
59247
54602
17010
26553
28572
29420
103486
101628
880460
28651
128938
35126
22933
23742
10826
31180
62951
26953
32246
30659
40264
55178
29459
51075
27359
25108
28745
47477
21796
14775
19697
15661
10465
14708
22232
108494
31305
34236
17658
13240
11878
15680
2595380
13297
11212
-1
110713
44695
30942
13766
10348
12403
12561
12519
30406
18466
14599
11460
10641
10585
129698
12909
11753
10071

DV
TK

27246
16606
results end here -------------------------------------------------------
