results start here -------------------------------------------------------
26233355
15140986
8868972
4909507
4093354
1096138
889979
0
0
0
0

125
52
18
27
14
24
0
0
0
0

93
41
14
20
13
11
0
0
0
0

59
26
9
15
10
3
0
0
0
0

1
2
3
4
5
6
0
0
0
0
PROCESSING SQUADS DONE
************************************************************************
***    "Team CloudBot"
************************************************************************
ADD these members to the sheet
FRA
2567857
1652333
1189630
264816
366279
349899
288256
221239
125011
1089257
267651
155292
94822
360055
-1
46752
274003
-1
116888
15737
28909
57199
86459
22052
58489
12747
7443
26261
450
43079
17106
11558
14654
55271
232
44730
3410
361
22008
0
1811
0
132
0
12785
4121
3778
0
4552
1866
0
0
0
0
4493
0
703
12890
0
0
0
3819
3348
68
0
0
0
23568
0
0
161066
27903
9699
243
68365
1366738
0
865980
315677
75862
3645
0
6806
0
2096
-1
1295
12190
29548
10826
3122
0
0
1212048
28651
879
17555
3367
45409
18
122145
345242
32024
882
0
0
7496
6343
8
0
0
-1
44695
10758
34474
693
0
0
33475
896
0
0
51054
106
108457
0
2021
35055

Anonymous

0
************************************************************************
***    "All for Nash"
************************************************************************
ADD these members to the sheet
Ruemmi
4001147
467421
345290
139809
1162522
46244
129551
33541
33319
1129
414
0
12
0
71711
0
177372
104377
67888
18281
0
5878
151463
0
1158910
154301
255
29968
20847
9721
-1
93
11212
0
510
208148
71550
599
0
382
0
0
153550
13297
15797
8556
73
-1
41297
6959
4463
1096
0

Anonymous

0
************************************************************************
***    "The Trading Club"
************************************************************************
ADD these members to the sheet
3622293
68199
378848
36544
123384
15413
0
865
0
0
519457
115550
345
0
7562
5977
145
14918


************************************************************************
***    "Team Fabibi"
************************************************************************
ADD these members to the sheet
-1
236494
51424
22933
18652
88938
109514
33959
43242
11565
9679
14758
1333
28002
0
209211
0
0
1510
192
31276
0
0
21
-1
3142431
0
0
38212


************************************************************************
***    "The Nashians "
************************************************************************
ADD these members to the sheet
40641
14015
-1
158261
70586
15045
62822
0
16606
3112
-1
68
514694
3152
29495
167637


************************************************************************
***    "Gunbot Team"
************************************************************************
ADD these members to the sheet
707408
8150
3100
276
377
108992
0
0
4418
0
9293
0
43760
0
2029
0
0
2171
0
0

Anonymous
Anonymous
Anonymous
Anonymous

0
0
0
0
************************************************************************
***    "Solo"
************************************************************************
ADD these members to the sheet
4001147
3622293
2567857
-1
1193609
1652333
1189630
865980
40641
264816
366279
30048
177372
467421
345290
514694
349899
288256
104126
236494
363178
14015
139809
221239
-1
125011
51424
1089257
154301
267651
155292
208148
447907
94822
28193
1366738
707408
52865
1162522
104377
274003
315677
68365
75862
360055
1158910
17106
158261
109514
122145
88938
115550
29548
18652
45409
35055
345242
43242
62822
108457
378848
209211
-1
12167
68199
46244
71711
129551
70586
15256
12190
15045
29968
-1
168202
14037
111847
27903
15413
23568
33959
43079
44730
-1
116888
20847
153550
108992
57199
17067
1212048
35130
54186
71550
67888
18684
33541
36544
33547
123384
519457
972391
28651
151463
43760
22933
28909
10826
32024
86459
58533
41297
38212
40264
79760
33319
58489
30793
31651
28745
55271
31276
14918
19697
17555
10465
15737
22232
171307
36419
46752
18281
15093
26261
22052
3142431
13297
11212
-1
161066
44695
34474
16139
10959
14654
12785
12519
30406
51054
22008
11558
12747
11565
167637
12909
29495
14758
15797
439319
19458
16995
33475
13840
21686
12890
12138
10758

DV
TK

28002
16606
results end here -------------------------------------------------------
