results start here -------------------------------------------------------
38482167
24355721
15505786
7984442
6109320
1761392
969195
0
0
0
0

138
63
20
28
14
25
0
0
0
0

103
52
16
22
14
11
0
0
0
0

71
35
9
17
10
4
0
0
0
0

1
2
3
4
5
6
0
0
0
0
PROCESSING SQUADS DONE
************************************************************************
***    "Team CloudBot"
************************************************************************
ADD these members to the sheet
3590639
2625950
1999423
401952
800063
541303
344264
295200
180276
1114999
403987
251870
102505
651827
-1
56084
385164
-1
590974
18907
48962
126594
174002
49217
74058
20214
13104
27793
603
66856
17106
17950
23520
66865
409
72249
5259
361
78791
0
20531
0
1258
0
27112
6553
8052
0
4552
1866
0
0
0
0
11477
0
703
12890
0
0
0
8685
3367
68
200
0
0
23568
0
0
441638
49243
26559
243
138442
1965666
0
869222
405111
75862
58271
0
8597
0
2096
-1
1295
12190
-1
10826
6974
0
0
1501423
28651
879
26876
3367
60996
18
251364
748971
32024
960
0
0
9474
6343
8
0
0
-1
44927
19316
40911
693
0
0
180484
2779
0
0
159601
47092
192892
0
23236
35055
817237
9882
0
6944
512609
57254
39620
12363
0
3192
0
0
29548

SB
Anonymous

6269
0
************************************************************************
***    "All for Nash"
************************************************************************
ADD these members to the sheet
5698946
704924
581005
184872
1737801
60419
172458
42869
41211
1129
1390
0
12
0
121143
0
188576
137562
75375
25010
0
5878
177250
0
1755907
267639
336
29968
32836
10108
-1
238
12884
0
571
339933
165146
599
0
382
0
0
378667
19079
32984
12489
73
-1
77644
10721
112703
1096
8227
1348906
713635
99541
73456
2215
0
12472
9364
7547
5816
4751

Anonymous

0
************************************************************************
***    "The Trading Club"
************************************************************************
ADD these members to the sheet
5348911
117561
610114
50309
539993
17462
0
3664
0
0
1131972
116975
741
110
7562
7232
673
30435
721
0


************************************************************************
***    "Team Fabibi"
************************************************************************
ADD these members to the sheet
-1
301579
72826
132175
19643
112853
127570
56271
58464
17434
15246
20008
2255
29736
0
355939
0
137
3350
192
60862
0
0
26
-1
4631033
0
0
41284
50428


************************************************************************
***    "The Nashians "
************************************************************************
ADD these members to the sheet
41125
14387
-1
171949
123368
16476
63419
253
18535
5422
-1
68
928545
6344
42596
328899


************************************************************************
***    "Gunbot Team"
************************************************************************
ADD these members to the sheet
710127
8219
3149
1297
2369
164258
0
0
4999
0
14536
0
56036
0
2029
0
0
2171
0
0
0

Anonymous
Anonymous
Anonymous
Anonymous

0
0
0
0
************************************************************************
***    "Solo"
************************************************************************
ADD these members to the sheet
EN
5698946
5348911
3590639
-1
1348906
2625950
1999423
869222
41125
401952
800063
47092
188576
704924
581005
928545
541303
344264
146311
301579
817237
14387
184872
295200
-1
180276
72826
1114999
267639
403987
251870
339933
713635
102505
28217
1965666
710127
52865
1737801
137562
385164
405111
138442
75862
651827
1755907
17106
171949
127570
251364
112853
116975
-1
19643
60996
35055
748971
58464
63419
192892
610114
355939
-1
12167
117561
60419
121143
172458
123368
15256
12190
16476
29968
-1
168202
14037
190546
49243
17462
23568
56271
66856
72249
-1
590974
32836
378667
164258
126594
101469
1501423
93446
73456
165146
75375
36556
42869
50309
40042
539993
1131972
972391
28651
177250
56036
132175
48962
10826
32024
174002
154104
77644
41284
40264
99541
41211
74058
45572
57254
28745
66865
60862
30435
19697
26876
10465
18907
22232
512609
50428
56084
25010
53853
27793
49217
4631033
19079
12884
-1
441638
44927
40911
42729
16644
23520
27112
12519
66403
159601
78791
17950
20214
17434
328899
32936
42596
20008
32984
439319
19458
19926
180484
13840
21686
12890
19428
19316
27006
12778
15085
112703
15895
17291
14536
15246
28176
58271
16447
19254
12003
10108
20531
39620
11284
12472
23236
12363
224664
31642
12160
11037
13104
10602
10069
11512
12489
12365
11477
10200
29548
10721
11839

SB
DV
MS
TK
FGH
MA

44695
29736
26559
18535
11938
10389
results end here -------------------------------------------------------
