results start here -------------------------------------------------------
23594387
13656779
7499818
4041329
3683481
1002634
859938
0
0
0
0

123
46
18
27
14
24
0
0
0
0

91
36
14
20
13
10
0
0
0
0

56
25
9
15
10
3
0
0
0
0

1
2
3
4
5
6
0
0
0
0
PROCESSING SQUADS DONE
************************************************************************
***    "Team CloudBot"
************************************************************************
ADD these members to the sheet
2294368
1582331
1058959
227910
285449
320331
281765
188438
120350
975316
252757
140222
80605
333289
-1
35310
248418
-1
90012
14759
25365
47742
74151
16949
52259
11429
5717
11998
450
40642
17106
11558
13100
49035
232
30083
3150
361
16389
0
1318
0
132
0
12785
2449
3487
0
4552
1824
0
0
0
0
2088
0
703
8582
0
0
0
795
3348
68
0
0
0
23568
0
0
124868
24236
7441
243
63977
1302654
0
865980
298659
75862
3211
0
5891
0
2096
-1
1295
12190
29548
10826
2825
0
0
1067447
28651
879
16330
3367
42727
18
103665
268596
31180
713
0
0
7496
4121
8
0
0
-1
44695
7720
30942
613
0
0
16992
556
0
0
23566
106
100542
0

Anonymous

0
************************************************************************
***    "All for Nash"
************************************************************************
ADD these members to the sheet
Moon
3327933
378722
311083
122421
1051044
36777
110370
26675
29908
1129
414
0
12
0
55845
0
155163
92380
54817
17694
0
1580
135236
0
1025696
134648
255
29968
20816
9585
-1
93
11212
0
372
185204
62037
599
0
382
0
0
78643
13297
10461
7329

Anonymous

0
************************************************************************
***    "The Trading Club"
************************************************************************
ADD these members to the sheet
3228067
63087
362298
30727
106270
15413
0
865
0
0
109500
96990
345
0
7562
5357
68
14775


************************************************************************
***    "Team Fabibi"
************************************************************************
ADD these members to the sheet
-1
221485
49581
22933
18452
76081
106818
31846
41286
10649
8456
12813
1333
27392
0
209211
0
0
997
192
24771
0
0
21
-1
2785903
0
0
33253


************************************************************************
***    "The Nashians "
************************************************************************
ADD these members to the sheet
40641
14015
-1
135072
65961
15045
62414
0
16606
2861
-1
68
485776
2756
20295
141119


************************************************************************
***    "Gunbot Team"
************************************************************************
ADD these members to the sheet
701251
3225
2068
94
257
102377
0
0
3683
0
7393
0
37937
0
1647
0
0
0
0
0

Anonymous
Anonymous
Anonymous
Anonymous

0
0
0
0
************************************************************************
***    "Solo"
************************************************************************
ADD these members to the sheet
3327933
3228067
2294368
-1
1144587
1582331
1058959
865980
40641
227910
285449
30048
155163
378722
311083
485776
320331
281765
104126
221485
314235
14015
122421
188438
-1
120350
49581
975316
134648
252757
140222
185204
414276
80605
28193
1302654
701251
52865
1051044
92380
248418
298659
63977
75862
333289
1025696
17106
135072
106818
103665
76081
96990
29548
18452
42727
34653
268596
41286
62414
100542
362298
209211
-1
12167
63087
36777
55845
110370
65961
15256
12190
15045
29968
-1
168202
14037
95206
24236
15413
23568
31846
40642
30083
-1
90012
20816
78643
102377
47742
12216
1067447
28087
45780
62037
54817
17010
26675
30727
29420
106270
109500
972391
28651
135236
37937
22933
25365
10826
31180
74151
39319
34336
33253
40264
57309
29908
52259
28501
27129
28745
49035
24771
14775
19697
16330
10465
14759
22232
120740
33223
35310
17694
13240
11998
16949
2785903
13297
11212
-1
124868
44695
30942
14274
10348
13100
12785
12519
30406
23566
16389
11558
11429
10649
141119
12909
20295
12813
10461
439319
19458
16995
16992

DV
TK

27392
16606
results end here -------------------------------------------------------
