results start here -------------------------------------------------------
28302692
17065578
11872282
5470282
4381576
1209526
895643
0
0
0
0

138
63
20
28
14
25
0
0
0
0

102
51
15
21
13
11
0
0
0
0

63
31
9
17
10
4
0
0
0
0

1
2
3
4
5
6
0
0
0
0
PROCESSING SQUADS DONE
************************************************************************
***    "Team CloudBot"
************************************************************************
ADD these members to the sheet
2779376
1781664
1274724
281494
426698
385329
298898
228237
133046
1105669
280170
170895
94822
460188
-1
49158
290487
-1
125893
15851
32098
66644
94290
26769
62693
13949
8130
26897
450
46046
17106
11986
15779
58983
232
45725
3591
361
27669
0
1990
0
132
0
12785
4608
3890
0
4552
1866
0
0
0
0
5106
0
703
12890
0
0
0
8685
3348
68
98
0
0
23568
0
0
197282
30447
13198
243
80370
1485100
0
869222
332984
75862
4804
0
6806
0
2096
-1
1295
12190
29548
10826
3841
0
0
1287930
28651
879
18134
3367
48778
18
133969
409912
32024
882
0
0
7496
6343
8
0
0
-1
44695
11756
37425
693
0
0
50726
916
0
0
83170
4096
113893
0
2520
35055
428344
8145
0
5184
226832
37278
6953
6952
0
0
0
0

SB
Anonymous

106
0
************************************************************************
***    "All for Nash"
************************************************************************
ADD these members to the sheet
4590633
513806
375305
146668
1279587
46936
129551
37233
35472
1129
414
0
12
0
77401
0
188576
119487
69939
18834
0
5878
157652
0
1248868
171023
255
29968
24090
9933
-1
93
11212
0
510
231031
89329
599
0
382
0
0
214450
13297
20828
8556
73
-1
44692
7137
34571
1096
0
1258764
491748
81036
57721
2215
0
7681
6097
4692
3464
2332

Anonymous

0
************************************************************************
***    "The Trading Club"
************************************************************************
ADD these members to the sheet
3944368
72562
429598
41859
161474
15413
0
865
0
0
658381
115550
345
0
7562
6437
221
14918
721
0


************************************************************************
***    "Team Fabibi"
************************************************************************
ADD these members to the sheet
-1
247759
57838
25707
18652
90155
111508
36954
43242
13207
10641
16655
1450
28002
0
255204
0
0
1659
192
40664
0
0
21
-1
3306514
0
0
39123
36419


************************************************************************
***    "The Nashians "
************************************************************************
ADD these members to the sheet
40641
14015
-1
168777
81715
15045
63419
0
16606
3435
-1
68
569999
3607
39134
193060


************************************************************************
***    "Gunbot Team"
************************************************************************
ADD these members to the sheet
707408
8150
3100
276
593
108992
0
0
4418
0
11577
0
46924
0
2029
0
0
2171
0
0
0

Anonymous
Anonymous
Anonymous
Anonymous

0
0
0
0
************************************************************************
***    "Solo"
************************************************************************
ADD these members to the sheet
4590633
3944368
2779376
-1
1258764
1781664
1274724
869222
40641
281494
426698
30048
188576
513806
375305
569999
385329
298898
114020
247759
428344
14015
146668
228237
-1
133046
57838
1105669
171023
280170
170895
231031
491748
94822
28193
1485100
707408
52865
1279587
119487
290487
332984
80370
75862
460188
1248868
17106
168777
111508
133969
90155
115550
29548
18652
48778
35055
409912
43242
63419
113893
429598
255204
-1
12167
72562
46936
77401
129551
81715
15256
12190
15045
29968
-1
168202
14037
126115
30447
15413
23568
36954
46046
45725
-1
125893
24090
214450
108992
66644
17067
1287930
48025
57721
89329
69939
21084
37233
41859
35622
161474
658381
972391
28651
157652
46924
25707
32098
10826
32024
94290
75072
44692
39123
40264
81036
35472
62693
34898
37278
28745
58983
40664
14918
19697
18134
10465
15851
22232
226832
36419
49158
18834
15402
26897
26769
3306514
13297
11212
-1
197282
44695
37425
17066
10959
15779
12785
12519
30406
83170
27669
11986
13949
13207
193060
12909
39134
16655
20828
439319
19458
16995
50726
13840
21686
12890
14590
11756
20689
12778
13202
34571
15895
12604
11577
10641

DV
TK
MS

28002
16606
13198
results end here -------------------------------------------------------
