results start here -------------------------------------------------------
23543927
13607376
7477097
4039975
3662634
997343
858585
0
0
0
0

123
45
18
27
14
24
0
0
0
0

91
35
14
20
13
10
0
0
0
0

56
25
9
15
10
3
0
0
0
0

1
2
3
4
5
6
0
0
0
0
PROCESSING SQUADS DONE
************************************************************************
***    "Team CloudBot"
************************************************************************
ADD these members to the sheet
Radpath
KJS
2290559
1582331
1058959
227866
285449
320331
281765
187628
120350
948152
252426
140072
80605
333289
-1
35191
248418
-1
90012
14759
25265
47594
74151
16910
52259
11365
5717
11998
450
40642
17106
11558
13100
49035
232
29633
3150
361
16305
0
1298
0
132
0
12785
2449
3487
0
4552
1824
0
0
0
0
1850
0
703
8582
0
0
0
795
3348
68
0
0
0
23568
0
0
124370
24161
7441
243
63977
1301156
0
865980
298133
75862
3211
0
5891
0
2096
-1
1295
12190
29548
10826
2825
0
0
1058209
28651
879
16315
3367
42677
18
103665
265237
31180
713
0
0
7496
4121
8
0
0
-1
44695
7720
30942
613
0
0
16804
556
0
0
23180
106
100542
0

Anonymous

0
************************************************************************
***    "All for Nash"
************************************************************************
ADD these members to the sheet
3315672
378722
311083
122421
1051044
36777
110067
26675
29908
1129
414
0
12
0
55815
0
155163
92322
54817
17694
0
1580
134931
0
1025196
134036
255
29968
20816
9585
-1
93
11212
0
372
185054
61897
599
0
382
0
0
77610
13297
10461

Anonymous

0
************************************************************************
***    "The Trading Club"
************************************************************************
ADD these members to the sheet
3227123
63067
362298
30637
106270
15413
0
865
0
0
109200
96990
345
0
7562
5357
68
14775


************************************************************************
***    "Team Fabibi"
************************************************************************
ADD these members to the sheet
LV
-1
221321
49581
22933
18452
75814
106818
31828
41188
10649
8456
12715
1309
27392
0
209211
0
0
997
192
24416
0
0
21
-1
2766115
0
0
33217


************************************************************************
***    "The Nashians "
************************************************************************
ADD these members to the sheet
40641
14015
-1
134186
65866
15045
62414
0
16606
2861
-1
68
481994
2744
20295
140602


************************************************************************
***    "Gunbot Team"
************************************************************************
ADD these members to the sheet
DADbot247
701251
3225
2068
94
257
101178
0
0
3683
0
7393
0
37783
0
1647
0
0
0
0
0

Anonymous
Anonymous
Anonymous
Anonymous

0
0
0
0
************************************************************************
***    "Solo"
************************************************************************
ADD these members to the sheet
ZZZ
VM
Crunch2011
gme only go up
3315672
3227123
2290559
-1
1144423
1582331
1058959
865980
40641
227866
285449
30048
155163
378722
311083
481994
320331
281765
104126
221321
314229
14015
122421
187628
-1
120350
49581
948152
134036
252426
140072
185054
414276
80605
28193
1301156
701251
52865
1051044
92322
248418
298133
63977
75862
333289
1025196
17106
134186
106818
103665
75814
96990
29548
18452
42677
34653
265237
41188
62414
100542
362298
209211
-1
12167
63067
36777
55815
110067
65866
15256
12190
15045
29968
-1
168202
14037
95001
24161
15413
23568
31828
40642
29633
-1
90012
20816
77610
101178
47594
12216
1058209
28087
45541
61897
54817
17010
26675
30637
29420
106270
109200
972391
28651
134931
37783
22933
25265
10826
31180
74151
39319
34336
33217
40264
57309
29908
52259
28501
27039
28745
49035
24416
14775
19697
16315
10465
14759
22232
120135
33223
35191
17694
13240
11998
16910
2766115
13297
11212
-1
124370
44695
30942
14274
10348
13100
12785
12519
30406
23180
16305
11558
11365
10649
140602
12909
20295
12715
10461
439319
19458
16995
16804

DV
TK

27392
16606
results end here -------------------------------------------------------
