results start here -------------------------------------------------------
27044852
15949105
10438189
5098694
4238202
1146409
892599
0
0
0
0

128
53
18
27
14
24
0
0
0
0

95
42
14
20
13
11
0
0
0
0

61
28
9
15
10
3
0
0
0
0

1
2
3
4
5
6
0
0
0
0
PROCESSING SQUADS DONE
************************************************************************
***    "Team CloudBot"
************************************************************************
ADD these members to the sheet
ETD
KK
Bruno
2611674
1706544
1214845
267572
391897
362191
292334
227946
128752
1093747
273039
161611
94822
390673
-1
48958
283050
-1
121394
15851
30006
60185
91335
23720
59722
12986
7643
26598
450
43895
17106
11986
15276
56810
232
45426
3549
361
24435
0
1890
0
132
0
12785
4351
3890
0
4552
1866
0
0
0
0
4660
0
703
12890
0
0
0
3819
3348
68
0
0
0
23568
0
0
169125
30056
10877
243
73952
1390326
0
869222
321758
75862
4159
0
6806
0
2096
-1
1295
12190
29548
10826
3523
0
0
1264925
28651
879
17839
3367
47051
18
127262
365003
32024
882
0
0
7496
6343
8
0
0
-1
44695
11756
34898
693
0
0
41807
916
0
0
60303
106
110151
0
2520
35055
387834
7570
0

Anonymous

0
************************************************************************
***    "All for Nash"
************************************************************************
ADD these members to the sheet
MP99
4154248
478399
356678
139809
1206499
46244
129551
35004
34275
1129
414
0
12
0
73015
0
181857
107619
67888
18281
0
5878
153225
0
1218196
160088
255
29968
21636
9917
-1
93
11212
0
510
217707
78463
599
0
382
0
0
196653
13297
17702
8556
73
-1
42756
6959
10133
1096
0
1201895

Anonymous

0
************************************************************************
***    "The Trading Club"
************************************************************************
ADD these members to the sheet
3730854
69822
385882
38729
129734
15413
0
865
0
0
582707
115550
345
0
7562
6087
221
14918


************************************************************************
***    "Team Fabibi"
************************************************************************
ADD these members to the sheet
-1
236494
54387
25009
18652
89967
110510
35265
43242
12442
9921
14758
1358
28002
0
209211
0
0
1510
192
34568
0
0
21
-1
3274472
0
0
38212


************************************************************************
***    "The Nashians "
************************************************************************
ADD these members to the sheet
40641
14015
-1
162411
72139
15045
63419
0
16606
3315
-1
68
537313
3355
39134
178942


************************************************************************
***    "Gunbot Team"
************************************************************************
ADD these members to the sheet
707408
8150
3100
276
569
108992
0
0
4418
0
9293
0
46187
0
2029
0
0
2171
0
0

Anonymous
Anonymous
Anonymous
Anonymous

0
0
0
0
************************************************************************
***    "Solo"
************************************************************************
ADD these members to the sheet
MLT
JEAS
FYB
ATC
4154248
3730854
2611674
-1
1201895
1706544
1214845
869222
40641
267572
391897
30048
181857
478399
356678
537313
362191
292334
108051
236494
387834
14015
139809
227946
-1
128752
54387
1093747
160088
273039
161611
217707
456433
94822
28193
1390326
707408
52865
1206499
107619
283050
321758
73952
75862
390673
1218196
17106
162411
110510
127262
89967
115550
29548
18652
47051
35055
365003
43242
63419
110151
385882
209211
-1
12167
69822
46244
73015
129551
72139
15256
12190
15045
29968
-1
168202
14037
120793
30056
15413
23568
35265
43895
45426
-1
121394
21636
196653
108992
60185
17067
1264925
37030
55373
78463
67888
18684
35004
38729
35622
129734
582707
972391
28651
153225
46187
25009
30006
10826
32024
91335
75072
42756
38212
40264
81036
34275
59722
33710
34368
28745
56810
34568
14918
19697
17839
10465
15851
22232
196638
36419
48958
18281
15093
26598
23720
3274472
13297
11212
-1
169125
44695
34898
16139
10959
15276
12785
12519
30406
60303
24435
11986
12986
12442
178942
12909
39134
14758
17702
439319
19458
16995
41807
13840
21686
12890
12138
11756
20689
12778
11421
10133

DV
TK
MS

28002
16606
10877
results end here -------------------------------------------------------
