results start here -------------------------------------------------------
22010225
12978839
7201719
3870910
3302542
913842
847001
0
0
0
0

121
45
18
26
14
23
0
0
0
0

89
35
14
19
13
10
0
0
0
0

54
24
9
14
10
3
0
0
0
0

1
2
3
4
5
6
0
0
0
0
PROCESSING SQUADS DONE
************************************************************************
***    "Team CloudBot"
************************************************************************
ADD these members to the sheet
2186297
1579697
1009069
220069
283639
310594
281068
170850
120350
852806
221356
132176
80605
328592
-1
34236
244408
-1
87981
14658
23692
44638
62951
15660
51075
10577
5717
11878
450
39455
15382
11460
12350
47291
232
26112
3150
361
14439
0
1078
0
132
0
12486
2449
3487
0
0
1824
0
0
0
0
724
0
703
8582
0
0
0
795
3348
68
0
0
0
23568
0
0
110264
23804
5865
243
62779
1278088
0
865980
292697
75862
3211
0
5711
0
2096
-1
1295
12190
29548
10826
2483
0
0
982667
28651
879
15616
3367
40983
18
98121
258901
31180
713
0
0
7496
4093
8
0
0
-1
44695
7620
30942
488
0
0
5812
536
0
0
18466
35

Anonymous

0
************************************************************************
***    "All for Nash"
************************************************************************
ADD these members to the sheet
3263499
298034
304396
118122
988116
33006
99540
26553
29414
1129
414
0
12
0
53988
0
149821
87792
54566
17658
0
1580
128938
0
1005170
128628
255
29968
20816
9557
-1
93
11212
0
372
179812
59190
599
0
382
0
0
76573
13297
9201

Anonymous

0
************************************************************************
***    "The Trading Club"
************************************************************************
ADD these members to the sheet
3099226
62180
357428
28557
103387
15413
0
865
0
0
101230
75300
345
0
7562
4568
68
14775


************************************************************************
***    "Team Fabibi"
************************************************************************
ADD these members to the sheet
-1
213602
46857
22933
18452
71696
102854
31206
40193
10585
7994
10071
1309
27246
0
118153
0
0
169
192
21620
0
0
21
-1
2557380
0
0


************************************************************************
***    "The Nashians "
************************************************************************
ADD these members to the sheet
40641
14015
-1
118930
61106
15045
60391
0
16606
2849
-1
68
442366
2613
11753
127456


************************************************************************
***    "Gunbot Team"
************************************************************************
ADD these members to the sheet
701153
3225
2012
94
207
94351
0
0
3508
0
5864
0
35056
0
1527
0
0
0
0

Anonymous
Anonymous
Anonymous
Anonymous

0
0
0
0
************************************************************************
***    "Solo"
************************************************************************
ADD these members to the sheet
3263499
3099226
2186297
-1
1137292
1579697
1009069
865980
40641
220069
283639
30048
149821
298034
304396
442366
310594
281068
104126
213602
291275
14015
118122
170850
-1
120350
46857
852806
128628
221356
132176
179812
405353
80605
28193
1278088
701153
52865
988116
87792
244408
292697
62779
75862
328592
1005170
15382
118930
102854
98121
71696
75300
29548
18452
40983
34653
258901
40193
60391
94115
357428
118153
-1
12167
62180
33006
53988
99540
61106
15256
12190
15045
29968
-1
160541
14037
86621
23804
15413
23568
31206
39455
26112
-1
87981
20816
76573
94351
44638
12216
982667
24850
40478
59190
54566
17010
26553
28557
29420
103387
101230
820041
28651
128938
35056
22933
23692
10826
31180
62951
26953
32186
30262
40264
54275
29414
51075
27359
24859
28745
47291
21620
14775
19697
15616
10465
14658
22232
107288
31305
34236
17658
13240
11878
15660
2557380
13297
11212
-1
110264
44695
30942
13761
10348
12350
12486
12519
30406
18466
14439
11460
10577
10585
127456
12909
11753
10071

DV
TK

27246
16606
results end here -------------------------------------------------------
