results start here -------------------------------------------------------
38384282
24313307
15484745
7972775
6105024
1757520
968995
0
0
0
0

138
63
20
28
14
25
0
0
0
0

103
52
16
22
14
11
0
0
0
0

71
35
9
17
10
4
0
0
0
0

1
2
3
4
5
6
0
0
0
0
PROCESSING SQUADS DONE
************************************************************************
***    "Team CloudBot"
************************************************************************
ADD these members to the sheet
3585807
2614662
1999423
399862
798048
538331
344264
295200
180275
1114999
402686
250713
102505
650657
-1
56084
385164
-1
590974
18907
48812
125636
173866
49075
74058
20134
13078
27793
603
66530
17106
17950
23520
66865
409
72249
5259
361
78173
0
20441
0
1258
0
27037
6553
8052
0
4552
1866
0
0
0
0
11457
0
703
12890
0
0
0
8685
3367
68
200
0
0
23568
0
0
440303
49243
26559
243
137843
1965170
0
869222
405111
75862
58271
0
8597
0
2096
-1
1295
12190
-1
10826
6954
0
0
1501423
28651
879
26665
3367
60996
18
249815
746995
32024
960
0
0
9474
6343
8
0
0
-1
44927
19316
40911
693
0
0
178793
2779
0
0
159601
47092
192892
0
23236
35055
815122
9882
0
6911
510614
56664
39322
12298
0
3192
0
0
29548

SB
Anonymous

6269
0
************************************************************************
***    "All for Nash"
************************************************************************
ADD these members to the sheet
5698946
704924
578024
184872
1725541
60419
171745
42869
41211
1129
1390
0
12
0
121128
0
188576
137562
74159
24780
0
5878
177018
0
1755907
267440
255
29968
32836
10108
-1
238
12884
0
571
339784
164172
599
0
382
0
0
378667
19079
32984
12489
73
-1
77210
10602
112703
1096
8227
1348906
712399
99541
73386
2215
0
12413
9331
7547
5777
4751

Anonymous

0
************************************************************************
***    "The Trading Club"
************************************************************************
ADD these members to the sheet
5344274
117236
609419
50249
537089
17462
0
3664
0
0
1128925
116975
741
110
7562
7232
673
30435
721
0


************************************************************************
***    "Team Fabibi"
************************************************************************
ADD these members to the sheet
-1
301579
72826
132175
19643
112678
127171
56271
58464
17434
15246
20008
2230
29736
0
355939
0
137
3350
192
60862
0
0
26
-1
4627336
0
0
41284
50428


************************************************************************
***    "The Nashians "
************************************************************************
ADD these members to the sheet
41125
14387
-1
171949
123110
16476
63419
253
18535
5362
-1
68
925359
6284
42596
328590


************************************************************************
***    "Gunbot Team"
************************************************************************
ADD these members to the sheet
709926
8219
3149
1297
2369
164258
0
0
4999
0
14536
0
56036
0
2029
0
0
2171
0
0
0

Anonymous
Anonymous
Anonymous
Anonymous

0
0
0
0
************************************************************************
***    "Solo"
************************************************************************
ADD these members to the sheet
5698946
5344274
3585807
-1
1348906
2614662
1999423
869222
41125
399862
798048
47092
188576
704924
578024
925359
538331
344264
146311
301579
815122
14387
184872
295200
-1
180275
72826
1114999
267440
402686
250713
339784
712399
102505
28217
1965170
709926
52865
1725541
137562
385164
405111
137843
75862
650657
1755907
17106
171949
127171
249815
112678
116975
-1
19643
60996
35055
746995
58464
63419
192892
609419
355939
-1
12167
117236
60419
121128
171745
123110
15256
12190
16476
29968
-1
168202
14037
190061
49243
17462
23568
56271
66530
72249
-1
590974
32836
378667
164258
125636
101469
1501423
93446
73386
164172
74159
36556
42869
50249
40042
537089
1128925
972391
28651
177018
56036
132175
48812
10826
32024
173866
154104
77210
41284
40264
99541
41211
74058
45572
56664
28745
66865
60862
30435
19697
26665
10465
18907
22232
510614
50428
56084
24780
53853
27793
49075
4627336
19079
12884
-1
440303
44927
40911
42729
16644
23520
27037
12519
66403
159601
78173
17950
20134
17434
328590
32936
42596
20008
32984
439319
19458
19926
178793
13840
21686
12890
19428
19316
27006
12778
15085
112703
15895
17291
14536
15246
28176
58271
16447
19254
12003
10108
20441
39322
11284
12413
23236
12298
224664
31642
12160
11037
13078
10602
10069
11512
12489
12365
11457
10200
29548
10602

SB
DV
MS
TK
FGH
MA

44695
29736
26559
18535
11938
10389
results end here -------------------------------------------------------
