results start here -------------------------------------------------------
21032723
12484865
6941632
3648767
3115189
854420
833987
0
0
0
0

119
45
17
25
14
23
0
0
0
0

87
35
13
18
13
10
0
0
0
0

53
24
8
12
9
3
0
0
0
0

1
2
3
4
5
6
0
0
0
0
PROCESSING SQUADS DONE
************************************************************************
***    "Team CloudBot"
************************************************************************
ADD these members to the sheet
2115600
1535795
944933
204459
281640
303310
278862
153026
120350
843967
213519
124960
80605
319980
-1
29750
236171
-1
62607
14225
22547
41449
55517
13925
45855
10052
5717
11683
450
38313
14995
10271
11712
37516
232
25718
3120
361
11483
0
839
0
132
0
11138
2449
3093
0
0
1824
0
0
0
0
700
0
703
6374
0
0
0
795
3348
68
0
0
0
23568
0
0
100810
20552
5865
243
61028
1234619
0
865980
280425
75862
3211
0
5711
0
2096
-1
1295
12190
29548
10826
2113
0
0
926029
28651
879
15102
3367
40141
18
93718
258901
31180
713
0
0
7496
4093
8
0
0
-1
44695
5833
29542
488
0
0
1707
179
0
0

Anonymous

0
************************************************************************
***    "All for Nash"
************************************************************************
ADD these members to the sheet
3247206
267662
293790
116020
923229
28716
96626
26338
27416
1129
414
0
12
0
50777
0
146659
87792
53767
17181
0
1580
123267
0
917252
119684
255
29968
20816
9337
-1
93
11212
0
295
172023
55546
297
0
382
0
0
76573
13297
5005

Anonymous

0
************************************************************************
***    "The Trading Club"
************************************************************************
ADD these members to the sheet
2947107
59753
349992
26505
88404
15413
0
865
0
0
74356
74014
345
0
7562
4377
68


************************************************************************
***    "Team Fabibi"
************************************************************************
ADD these members to the sheet
-1
207057
43746
22933
18452
69203
97482
30194
38978
9971
7593
9897
1234
27246
0
118126
0
0
169
192
21107
0
0
0
-1
2391602
0


************************************************************************
***    "The Nashians "
************************************************************************
ADD these members to the sheet
40641
14015
116383
113537
57565
15045
60391
0
16606
2801
-1
68
414156
2410
797


************************************************************************
***    "Gunbot Team"
************************************************************************
ADD these members to the sheet
700988
3225
1740
94
207
85166
0
0
3508
0
5864
0
31961
0
1230
0
0
0
0

Anonymous
Anonymous
Anonymous
Anonymous

0
0
0
0
************************************************************************
***    "Solo"
************************************************************************
ADD these members to the sheet
Lurvinator
JapUSA
3247206
2947107
2115600
-1
1137292
1535795
944933
865980
40641
204459
281640
30048
146659
267662
293790
414156
303310
278862
104126
207057
280796
14015
116020
153026
116383
120350
43746
843967
119684
213519
124960
172023
385128
80605
28193
1234619
700988
52865
923229
87792
236171
280425
61028
75862
319980
917252
14995
113537
97482
93718
69203
74014
29548
18452
40141
34653
258901
38978
60391
91204
349992
118126
-1
12167
59753
28716
50777
96626
57565
15256
12190
15045
29968
-1
160541
14037
76372
20552
15413
23568
30194
38313
25718
-1
62607
20816
76573
85166
41449
12216
926029
23080
33371
55546
53767
17010
26338
26505
23375
88404
74356
792863
28651
123267
31961
22933
22547
10826
31180
55517
26953
29391
30055
40264
54275
27416
45855
26225
22830
28745
37516
21107
14775
19697
15102
10465
14225
22232
96290
27448
29750
17181
13240
11683
13925
2391602
13297
11212
-1
100810
44695
29542
12928
10348
11712
11138
12185
24819
12625
11483
10271
10052

DV
TK

27246
16606
results end here -------------------------------------------------------
