results start here -------------------------------------------------------
64386655
37088642
25595703
12657850
8146661
3329313
1099457
0
0
0
0

138
63
20
28
14
25
0
0
0
0

106
52
17
24
14
12
0
0
0
0

80
39
10
18
11
4
0
0
0
0

1
2
3
4
5
6
0
0
0
0
PROCESSING SQUADS DONE
************************************************************************
***    "Team CloudBot"
************************************************************************
ADD these members to the sheet
5901346
4177883
2433597
673937
1787843
1040453
357577
295200
295730
1148427
598962
336804
102505
1134603
-1
56406
385164
-1
1321516
25064
97097
229043
360809
81293
202685
28975
25311
27793
603
114046
19444
26736
38051
190096
1387
111687
10077
361
193114
0
33345
0
1645
0
47219
18675
26190
1403
4552
1866
0
0
0
0
15805
0
703
12890
36
0
0
8685
3890
68
200
0
0
32094
0
0
1144107
49243
43210
243
159778
3025381
0
869222
482174
75862
66161
0
11587
0
2096
-1
1295
12190
-1
10844
10180
0
0
1501423
28651
879
89133
3367
63089
18
464261
916109
32024
960
0
0
10830
89508
8
0
0
-1
44927
29529
72776
13151
0
0
305667
4691
0
0
161384
47092
313280
0
56283
35055
1449461
11003
4203
7106
1044247
114771
107915
22212
0
3192
0
0
29653

SB
Anonymous

6269
0
************************************************************************
***    "All for Nash"
************************************************************************
ADD these members to the sheet
9826672
1077376
986303
191428
2099937
75866
255224
53571
41211
2644
1390
0
152
0
137155
0
188576
682234
107132
39359
0
7409
226652
0
2766249
640114
635
30127
32836
19999
-1
238
13330
0
571
518344
310856
16166
0
7688
0
0
799990
30036
32984
12489
546
-1
127504
21100
112703
1096
11076
1470935
1242738
1221019
83191
2215
0
24549
14881
10467
9251
9462

Anonymous

0
************************************************************************
***    "The Trading Club"
************************************************************************
ADD these members to the sheet
8619471
187064
877893
56346
1429089
19646
0
3834
0
0
1247807
146083
8486
2349
7562
17897
791
31678
1485
360


************************************************************************
***    "Team Fabibi"
************************************************************************
ADD these members to the sheet
-1
301770
108200
135213
19732
131896
139216
69950
74664
18064
19097
20733
4152
33885
0
581485
164
137
3350
12633
68038
0
12
44
-1
6300577
0
0
50030
53608


************************************************************************
***    "The Nashians "
************************************************************************
ADD these members to the sheet
47476
15129
-1
173549
236642
16538
66624
752
19340
9386
-1
68
2185937
10399
66053
481414


************************************************************************
***    "Gunbot Team"
************************************************************************
ADD these members to the sheet
712486
9319
3149
1297
8914
265271
0
0
8112
2735
16558
0
67411
0
2029
0
0
2171
0
0
0

Anonymous
Anonymous
Anonymous
Anonymous

0
0
0
0
************************************************************************
***    "Solo"
************************************************************************
ADD these members to the sheet
9826672
8619471
5901346
-1
1470935
4177883
2433597
869222
47476
673937
1787843
110676
188576
1077376
986303
2185937
1040453
357577
365807
301770
1449461
15129
191428
295200
-1
295730
108200
1148427
640114
598962
336804
518344
1242738
102505
28477
3025381
712486
2120992
2099937
682234
385164
482174
159778
75862
1134603
2766249
19444
173549
139216
464261
131896
146083
-1
19732
63089
35055
916109
74664
66624
313280
877893
581485
-1
12167
187064
75866
137155
255224
236642
15256
12190
16538
30127
-1
168202
14817
409280
49243
19646
32094
69950
114046
111687
-1
1321516
32836
799990
265271
229043
189491
1501423
98315
139962
310856
107132
108636
53571
56346
44681
1429089
1247807
972391
28651
226652
67411
135213
97097
10844
32024
360809
198549
127504
50030
40264
1221019
41211
202685
66400
114771
68637
190096
68038
31678
19697
89133
11326
25064
30304
1044247
53608
56406
39359
53853
27793
81293
6300577
30036
13330
-1
1144107
44927
72776
88189
17246
38051
47219
13042
265657
161384
193114
26736
28975
18064
481414
82125
66053
20733
32984
-1
39070
54638
305667
13840
21686
12890
19428
29529
27006
12778
20807
112703
27880
18783
16558
19097
121790
66161
27545
25780
12003
19999
33345
107915
13983
24549
56283
22212
224664
161456
19979
11037
25311
28466
16718
23649
12489
89570
15805
13390
29653
21100
13917
102271
27471
26427
67181
11003
11424
15840
11076
123251
29834
19753
26190
118455
12633
12159
14881
18675
10467
89508
30969
12576
138252
10180
31001
24008
10199
14206
24488
26754
11037
186469
40883
72176
144636
14114
16881
18202
277699
11587
17897
14026
16166
22402
15089
49169
12632
11323
10830
32593
10077
10399
13546
13151
10547

MS
PA
MA
SB
MS
DV
Anonymous
FGH
VM
TK
MA
GB

242176
107412
83191
47092
43210
33885
26377
23879
19458
19340
14709
12793
results end here -------------------------------------------------------
