results start here -------------------------------------------------------
30921909
19147712
13082869
6121200
5083026
1276732
921399
0
0
0
0

138
63
20
28
14
25
0
0
0
0

102
52
15
21
14
11
0
0
0
0

64
31
9
17
10
4
0
0
0
0

1
2
3
4
5
6
0
0
0
0
PROCESSING SQUADS DONE
************************************************************************
***    "Team CloudBot"
************************************************************************
ADD these members to the sheet
3022232
2081385
1444717
314435
510981
443708
310773
241698
153219
1105669
317227
191575
94822
520652
-1
56084
325805
-1
135148
17976
36391
85630
104597
32838
70998
15153
9022
27454
450
49865
17106
11986
18044
62252
232
52010
4130
361
41172
0
7624
0
132
0
15857
5596
3999
0
4552
1866
0
0
0
0
7260
0
703
12890
0
0
0
8685
3348
68
98
0
0
23568
0
0
263676
38342
15368
243
92027
1654658
0
869222
355618
75862
41429
0
7523
0
2096
-1
1295
12190
29548
10826
5011
0
0
1445345
28651
879
19856
3367
53319
18
154392
510845
32024
908
0
0
7496
6343
8
0
0
-1
44695
13414
37548
693
0
0
82086
1375
0
0
131844
6091
128207
0
8203
35055
537923
8713
0
5962
284891
42461
8032
7930
0
0
0
0

SB
Anonymous

106
0
************************************************************************
***    "All for Nash"
************************************************************************
ADD these members to the sheet
5218995
533804
408831
148590
1402911
49068
129551
38303
41211
1129
414
0
12
0
104188
0
188576
127785
69939
20197
0
5878
165368
0
1292008
195803
255
29968
26579
9998
-1
93
11212
0
510
260713
117865
599
0
382
0
0
214450
13297
29503
8556
73
-1
52114
7313
67175
1096
2507
1337492
569496
86016
63829
2215
0
8332
7220
4692
3973
2760

Anonymous

0
************************************************************************
***    "The Trading Club"
************************************************************************
ADD these members to the sheet
4271124
83873
476912
45891
254974
15413
0
1705
0
0
818902
116975
345
0
7562
7074
221
19501
721
0


************************************************************************
***    "Team Fabibi"
************************************************************************
ADD these members to the sheet
-1
255792
64827
44366
19539
90155
114709
41417
47639
14512
11423
20008
1761
28002
0
255204
0
0
2117
192
51663
0
0
26
-1
3934075
0
0
39161
46427


************************************************************************
***    "The Nashians "
************************************************************************
ADD these members to the sheet
40641
14015
-1
168777
96773
15045
63419
253
16606
3879
-1
68
598784
4122
39366
214978


************************************************************************
***    "Gunbot Team"
************************************************************************
ADD these members to the sheet
708205
8150
3100
1297
1147
128755
0
0
4418
0
13617
0
48504
0
2029
0
0
2171
0
0
0

Anonymous
Anonymous
Anonymous
Anonymous

0
0
0
0
************************************************************************
***    "Solo"
************************************************************************
ADD these members to the sheet
5218995
4271124
3022232
-1
1337492
2081385
1444717
869222
40641
314435
510981
30048
188576
533804
408831
598784
443708
310773
125228
255792
537923
14015
148590
241698
-1
153219
64827
1105669
195803
317227
191575
260713
569496
94822
28193
1654658
708205
52865
1402911
127785
325805
355618
92027
75862
520652
1292008
17106
168777
114709
154392
90155
116975
29548
19539
53319
35055
510845
47639
63419
128207
476912
255204
-1
12167
83873
49068
104188
129551
96773
15256
12190
15045
29968
-1
168202
14037
150832
38342
15413
23568
41417
49865
52010
-1
135148
26579
214450
128755
85630
28995
1445345
53386
63829
117865
69939
21084
38303
45891
35622
254974
818902
972391
28651
165368
48504
44366
36391
10826
32024
104597
75420
52114
39161
40264
86016
41211
70998
38500
42461
28745
62252
51663
19501
19697
19856
10465
17976
22232
284891
46427
56084
20197
33296
27454
32838
3934075
13297
11212
-1
263676
44695
37548
29088
10959
18044
15857
12519
30406
131844
41172
11986
15153
14512
214978
12909
39366
20008
29503
439319
19458
16995
82086
13840
21686
12890
14590
13414
20689
12778
14919
67175
15895
14471
13617
11423
13996
41429
13359
11261

DV
TK
MS

28002
16606
15368
results end here -------------------------------------------------------
