results start here -------------------------------------------------------
35998805
22706143
14832310
7369045
5845573
1490271
953073
0
0
0
0

138
63
20
28
14
25
0
0
0
0

102
52
16
21
14
11
0
0
0
0

70
33
9
17
10
4
0
0
0
0

1
2
3
4
5
6
0
0
0
0
PROCESSING SQUADS DONE
************************************************************************
***    "Team CloudBot"
************************************************************************
ADD these members to the sheet
3411999
2426093
1890677
368742
663383
508439
340035
277038
172145
1114999
361316
232925
102505
589578
-1
56084
385164
-1
462448
18907
43356
108024
147414
42882
73421
17883
10985
27793
603
59429
17106
16334
21642
66865
272
63916
4794
361
65085
0
17443
0
132
0
21710
6052
4186
0
4552
1866
0
0
0
0
9799
0
703
12890
0
0
0
8685
3367
68
200
0
0
23568
0
0
384252
48433
24925
243
120277
1922466
0
869222
387115
75862
54005
0
8239
0
2096
-1
1295
12190
29548
10826
5864
0
0
1501423
28651
879
24151
3367
60996
18
208005
650704
32024
960
0
0
7496
6343
8
0
0
-1
44927
17121
39141
693
0
0
151380
2142
0
0
159601
47092
168063
0
18048
35055
732420
9288
0
6200
412540
48878
29133
10534
0
0
0
0

SB
Anonymous

6091
0
************************************************************************
***    "All for Nash"
************************************************************************
ADD these members to the sheet
5689809
651674
510471
180062
1622081
55362
148941
41113
41211
1129
1390
0
12
0
111687
0
188576
137562
69939
22638
0
5878
171749
0
1583091
242282
255
29968
32598
10108
-1
93
12438
0
571
308757
143009
599
0
382
0
0
352414
19079
32984
9795
73
-1
66089
8224
112703
1096
8227
1348906
661034
93134
66337
2215
0
10577
8375
7547
4682
3358

Anonymous

0
************************************************************************
***    "The Trading Club"
************************************************************************
ADD these members to the sheet
4976069
107404
581148
47340
434507
16462
0
3664
0
0
1043728
116975
345
110
7562
7232
541
25230
721
0


************************************************************************
***    "Team Fabibi"
************************************************************************
ADD these members to the sheet
-1
298477
72826
132175
19643
98639
120693
56271
54110
16434
13305
20008
1899
28250
0
304491
0
0
3350
192
58098
0
0
26
-1
4454964
0
0
41284
50428


************************************************************************
***    "The Nashians "
************************************************************************
ADD these members to the sheet
40641
14015
-1
170461
117689
16476
63419
253
17330
4739
-1
68
716701
4947
42596
280930


************************************************************************
***    "Gunbot Team"
************************************************************************
ADD these members to the sheet
708865
8150
3143
1297
1817
154622
0
0
4999
0
13617
0
52359
0
2029
0
0
2171
0
0
0

Anonymous
Anonymous
Anonymous
Anonymous

0
0
0
0
************************************************************************
***    "Solo"
************************************************************************
ADD these members to the sheet
TBA
Nexomorph
Belle mam
FAK
Xylander
5689809
4976069
3411999
-1
1348906
2426093
1890677
869222
40641
368742
663383
47092
188576
651674
510471
716701
508439
340035
136419
298477
732420
14015
180062
277038
-1
172145
72826
1114999
242282
361316
232925
308757
661034
102505
28193
1922466
708865
52865
1622081
137562
385164
387115
120277
75862
589578
1583091
17106
170461
120693
208005
98639
116975
29548
19643
60996
35055
650704
54110
63419
168063
581148
304491
-1
12167
107404
55362
111687
148941
117689
15256
12190
16476
29968
-1
168202
14037
170641
48433
16462
23568
56271
59429
63916
-1
462448
32598
352414
154622
108024
83988
1501423
84018
66337
143009
69939
32692
41113
47340
35622
434507
1043728
972391
28651
171749
52359
132175
43356
10826
32024
147414
85589
66089
41284
40264
93134
41211
73421
43240
48878
28745
66865
58098
25230
19697
24151
10465
18907
22232
412540
50428
56084
22638
47423
27793
42882
4454964
19079
12438
-1
384252
44927
39141
30302
10959
21642
21710
12519
30406
159601
65085
16334
17883
16434
280930
19494
42596
20008
32984
439319
19458
19926
151380
13840
21686
12890
15812
17121
27006
12778
15036
112703
15895
14471
13617
13305
13996
54005
16447
12066
12003
10108
17443
29133
11284
10577
18048
10534
113178
31642
12102
11037
10985

SB
DV
MS
TK
FGH

31583
28250
24925
17330
11938
results end here -------------------------------------------------------
