results start here -------------------------------------------------------
64337747
37071029
25564203
12650235
8146661
3325333
1099457
0
0
0
0

138
63
20
28
14
25
0
0
0
0

106
52
17
24
14
12
0
0
0
0

80
39
10
18
11
4
0
0
0
0

1
2
3
4
5
6
0
0
0
0
PROCESSING SQUADS DONE
************************************************************************
***    "Team CloudBot"
************************************************************************
ADD these members to the sheet
5898566
4177745
2433597
672883
1786841
1039320
357577
295200
295070
1148427
598869
336455
102505
1132680
-1
56406
385164
-1
1321516
24966
96997
228770
360341
81293
202565
28975
25311
27793
603
113980
19444
26736
38051
190041
1387
111687
10077
361
192349
0
33345
0
1645
0
47219
18675
26190
1403
4552
1866
0
0
0
0
15805
0
703
12890
36
0
0
8685
3890
68
200
0
0
32094
0
0
1142943
49243
43210
243
159778
3025381
0
869222
481859
75862
66161
0
11587
0
2096
-1
1295
12190
-1
10844
10180
0
0
1501423
28651
879
88803
3367
63089
18
463955
916109
32024
960
0
0
10830
89223
8
0
0
-1
44927
29529
72776
13151
0
0
305482
4691
0
0
161384
47092
313280
0
56283
35055
1447737
11003
4203
7106
1042219
114571
107915
22212
0
3192
0
0
29653

SB
Anonymous

6269
0
************************************************************************
***    "All for Nash"
************************************************************************
ADD these members to the sheet
9816710
1077376
986303
191428
2098426
75866
255058
53571
41211
2644
1390
0
152
0
137130
0
188576
663888
107132
39359
0
7409
226556
0
2766249
639715
635
30127
32836
19999
-1
238
13330
0
571
518244
310856
16166
0
7688
0
0
799990
30036
32984
12489
546
-1
127504
20995
112703
1096
11076
1470839
1242155
1221019
83140
2215
0
24490
14881
10467
9251
9462

Anonymous

0
************************************************************************
***    "The Trading Club"
************************************************************************
ADD these members to the sheet
8615059
186979
876962
56346
1426901
19646
0
3834
0
0
1247807
146083
8486
2349
7562
17897
791
31678
1485
360


************************************************************************
***    "Team Fabibi"
************************************************************************
ADD these members to the sheet
-1
301770
108200
135213
19732
131896
139216
69950
74664
18064
19097
20733
4152
33885
0
581485
164
137
3350
12633
68038
0
12
44
-1
6300577
0
0
50030
53608


************************************************************************
***    "The Nashians "
************************************************************************
ADD these members to the sheet
47476
15129
-1
173549
236642
16538
66624
752
19340
9362
-1
68
2182029
10374
66053
481389


************************************************************************
***    "Gunbot Team"
************************************************************************
ADD these members to the sheet
712486
9319
3149
1297
8914
265271
0
0
8112
2735
16558
0
67411
0
2029
0
0
2171
0
0
0

Anonymous
Anonymous
Anonymous
Anonymous

0
0
0
0
************************************************************************
***    "Solo"
************************************************************************
ADD these members to the sheet
TKM
FeelxKG
JDS
9816710
8615059
5898566
-1
1470839
4177745
2433597
869222
47476
672883
1786841
110676
188576
1077376
986303
2182029
1039320
357577
365807
301770
1447737
15129
191428
295200
-1
295070
108200
1148427
639715
598869
336455
518244
1242155
102505
28477
3025381
712486
2113364
2098426
663888
385164
481859
159778
75862
1132680
2766249
19444
173549
139216
463955
131896
146083
-1
19732
63089
35055
916109
74664
66624
313280
876962
581485
-1
12167
186979
75866
137130
255058
236642
15256
12190
16538
30127
-1
168202
14817
408990
49243
19646
32094
69950
113980
111687
-1
1321516
32836
799990
265271
228770
189491
1501423
98315
139962
310856
107132
108636
53571
56346
44681
1426901
1247807
972391
28651
226556
67411
135213
96997
10844
32024
360341
198549
127504
50030
40264
1221019
41211
202565
66400
114571
68637
190041
68038
31678
19697
88803
11326
24966
30304
1042219
53608
56406
39359
53853
27793
81293
6300577
30036
13330
-1
1142943
44927
72776
88189
17246
38051
47219
13042
265657
161384
192349
26736
28975
18064
481389
82125
66053
20733
32984
-1
39070
54638
305482
13840
21686
12890
19428
29529
27006
12778
20807
112703
27880
18783
16558
19097
121790
66161
27545
25780
12003
19999
33345
107915
13983
24490
56283
22212
224664
161456
19979
11037
25311
28466
16718
23649
12489
89570
15805
13390
29653
20995
13917
102271
27471
26427
58945
11003
11424
15840
11076
123251
29834
19753
26190
118455
12633
12159
14881
18675
10467
89223
30969
12576
138252
10180
31001
24008
10199
14206
24488
26754
11037
186469
40883
72176
144636
14114
16881
18202
277699
11587
17897
14026
16166
22402
15089
48583
12632
11323
10830
32593
10077
10374
13546
13151
10547

MS
PA
MA
SB
MS
DV
Anonymous
FGH
VM
TK
MA
GB

242176
107412
83140
47092
43210
33885
26377
23879
19458
19340
14709
12793
results end here -------------------------------------------------------
