results start here -------------------------------------------------------
31502348
19577676
13247200
6290326
5303065
1299041
928432
0
0
0
0

138
63
20
28
14
25
0
0
0
0

102
52
16
21
14
11
0
0
0
0

64
32
9
17
10
4
0
0
0
0

1
2
3
4
5
6
0
0
0
0
PROCESSING SQUADS DONE
************************************************************************
***    "Team CloudBot"
************************************************************************
ADD these members to the sheet
3065670
2113104
1477387
321416
525318
450470
320239
244286
159215
1105669
322776
194387
102505
535627
-1
56084
331048
-1
155990
18470
37387
88149
107127
34167
71634
15153
9022
27754
450
50929
17106
12345
18596
62980
232
54404
4346
361
46359
0
8572
0
132
0
16456
5710
3999
0
4552
1866
0
0
0
0
7811
0
703
12890
0
0
0
8685
3348
68
98
0
0
23568
0
0
276672
38342
16990
243
94024
1682094
0
869222
359056
75862
44181
0
7523
0
2096
-1
1295
12190
29548
10826
5310
0
0
1490599
28651
879
20290
3367
53570
18
158100
531451
32024
908
0
0
7496
6343
8
0
0
-1
44695
13414
37548
693
0
0
95770
1459
0
0
140963
6091
134769
0
9703
35055
557956
8713
0
5962
308852
44116
8032
7930
0
0
0
0

SB
Anonymous

106
0
************************************************************************
***    "All for Nash"
************************************************************************
ADD these members to the sheet
5236238
542962
411787
149297
1462302
49068
129551
38520
41211
1129
1390
0
12
0
105078
0
188576
128723
69939
20684
0
5878
165786
0
1317732
203289
255
29968
26579
10045
-1
93
11633
0
510
265200
122323
599
0
382
0
0
214450
13297
31776
8556
73
-1
55052
7492
78654
1096
2507
1338828
575924
88799
64737
2215
0
8332
7220
4692
3973
2760

Anonymous

0
************************************************************************
***    "The Trading Club"
************************************************************************
ADD these members to the sheet
4364205
90209
491105
45891
283347
15413
0
1705
0
0
844063
116975
345
28
7562
7138
221
21391
721
0


************************************************************************
***    "Team Fabibi"
************************************************************************
ADD these members to the sheet
-1
264449
67275
45260
19643
90155
115109
42280
48813
14715
11538
20008
1794
28002
0
255204
0
0
2721
192
52220
0
0
26
-1
4136946
0
0
39161
47542


************************************************************************
***    "The Nashians "
************************************************************************
ADD these members to the sheet
40641
14015
-1
168777
99131
15045
63419
253
16606
4022
-1
68
613838
4314
39366
219540


************************************************************************
***    "Gunbot Team"
************************************************************************
ADD these members to the sheet
708766
8150
3100
1297
1243
133719
0
0
4978
0
13617
0
49357
0
2029
0
0
2171
0
0
0

Anonymous
Anonymous
Anonymous
Anonymous

0
0
0
0
************************************************************************
***    "Solo"
************************************************************************
ADD these members to the sheet
HIJ
LLF
5236238
4364205
3065670
-1
1338828
2113104
1477387
869222
40641
321416
525318
30048
188576
542962
411787
613838
450470
320239
125228
264449
557956
14015
149297
244286
-1
159215
67275
1105669
203289
322776
194387
265200
575924
102505
28193
1682094
708766
52865
1462302
128723
331048
359056
94024
75862
535627
1317732
17106
168777
115109
158100
90155
116975
29548
19643
53570
35055
531451
48813
63419
134769
491105
255204
-1
12167
90209
49068
105078
129551
99131
15256
12190
15045
29968
-1
168202
14037
152539
38342
15413
23568
42280
50929
54404
-1
155990
26579
214450
133719
88149
28995
1490599
56795
64737
122323
69939
21084
38520
45891
35622
283347
844063
972391
28651
165786
49357
45260
37387
10826
32024
107127
75420
55052
39161
40264
88799
41211
71634
38500
44116
28745
62980
52220
21391
19697
20290
10465
18470
22232
308852
47542
56084
20684
38055
27754
34167
4136946
13297
11633
-1
276672
44695
37548
29303
10959
18596
16456
12519
30406
140963
46359
12345
15153
14715
219540
12909
39366
20008
31776
439319
19458
16995
95770
13840
21686
12890
14590
13414
20689
12778
14919
78654
15895
14471
13617
11538
13996
44181
13359
11261
12003
10045

DV
MS
TK

28002
16990
16606
results end here -------------------------------------------------------
