results start here -------------------------------------------------------
32419168
20147303
13528235
6556536
5532519
1340513
934276
0
0
0
0

138
63
20
28
14
25
0
0
0
0

102
52
16
21
14
11
0
0
0
0

66
32
9
17
10
4
0
0
0
0

1
2
3
4
5
6
0
0
0
0
PROCESSING SQUADS DONE
************************************************************************
***    "Team CloudBot"
************************************************************************
ADD these members to the sheet
3133211
2156874
1547638
337096
550103
460371
326563
246510
161887
1105669
330499
202020
102505
551710
-1
56084
336478
-1
184512
18907
39127
92398
115677
35137
72397
15472
9022
27754
450
52359
17106
13535
18941
64867
272
54404
4535
361
51569
0
10347
0
132
0
16531
5747
3999
0
4552
1866
0
0
0
0
8703
0
703
12890
0
0
0
8685
3348
68
98
0
0
23568
0
0
295189
38345
21374
243
98410
1712137
0
869222
365120
75862
48159
0
8239
0
2096
-1
1295
12190
29548
10826
5390
0
0
1501423
28651
879
20992
3367
55863
18
164052
541776
32024
934
0
0
7496
6343
8
0
0
-1
44695
15330
37548
693
0
0
122304
1699
0
0
153724
30254
139667
0
9703
35055
585080
8713
0
5962
336100
45132
8523
8254
0
0
0
0

SB
Anonymous

6091
0
************************************************************************
***    "All for Nash"
************************************************************************
ADD these members to the sheet
5295555
556413
430004
149347
1480399
49068
129551
38520
41211
1129
1390
0
12
0
105570
0
188576
131153
69939
21378
0
5878
167279
0
1347661
209084
255
29968
26579
10062
-1
93
11633
0
510
274677
126243
599
0
382
0
0
303133
13297
32984
8556
73
-1
57261
7492
86425
1096
2507
1341712
589767
88799
65026
2215
0
8625
7482
4692
4089
2859

Anonymous

0
************************************************************************
***    "The Trading Club"
************************************************************************
ADD these members to the sheet
4527733
97048
514917
45891
316056
16462
0
1705
0
0
882336
116975
345
28
7562
7138
221
21391
721
0


************************************************************************
***    "Team Fabibi"
************************************************************************
ADD these members to the sheet
-1
275864
69161
71465
19643
91031
115508
44727
48813
14942
11538
20008
1802
28002
0
255204
0
0
3350
192
57223
0
0
26
-1
4317307
0
0
39161
47542


************************************************************************
***    "The Nashians "
************************************************************************
ADD these members to the sheet
40641
14015
-1
168777
101727
15045
63419
253
16606
4297
-1
68
630595
4433
42596
238034


************************************************************************
***    "Gunbot Team"
************************************************************************
ADD these members to the sheet
708766
8150
3100
1297
1291
138904
0
0
4978
0
13617
0
49969
0
2029
0
0
2171
0
0
0

Anonymous
Anonymous
Anonymous
Anonymous

0
0
0
0
************************************************************************
***    "Solo"
************************************************************************
ADD these members to the sheet
5295555
4527733
3133211
-1
1341712
2156874
1547638
869222
40641
337096
550103
30254
188576
556413
430004
630595
460371
326563
125228
275864
585080
14015
149347
246510
-1
161887
69161
1105669
209084
330499
202020
274677
589767
102505
28193
1712137
708766
52865
1480399
131153
336478
365120
98410
75862
551710
1347661
17106
168777
115508
164052
91031
116975
29548
19643
55863
35055
541776
48813
63419
139667
514917
255204
-1
12167
97048
49068
105570
129551
101727
15256
12190
15045
29968
-1
168202
14037
157318
38345
16462
23568
44727
52359
54404
-1
184512
26579
303133
138904
92398
50513
1501423
60105
65026
126243
69939
24076
38520
45891
35622
316056
882336
972391
28651
167279
49969
71465
39127
10826
32024
115677
80429
57261
39161
40264
88799
41211
72397
38500
45132
28745
64867
57223
21391
19697
20992
10465
18907
22232
336100
47542
56084
21378
40529
27754
35137
4317307
13297
11633
-1
295189
44695
37548
29303
10959
18941
16531
12519
30406
153724
51569
13535
15472
14942
238034
12909
42596
20008
32984
439319
19458
16995
122304
13840
21686
12890
14590
15330
20689
12778
14919
86425
15895
14471
13617
11538
13996
48159
13359
11261
12003
10062
10347

SB
DV
MS
TK

30048
28002
21374
16606
results end here -------------------------------------------------------
