results start here -------------------------------------------------------
55439342
32813601
22486293
11009621
7524058
2751580
1049646
0
0
0
0

138
63
20
28
14
25
0
0
0
0

106
52
16
23
14
12
0
0
0
0

76
38
9
18
10
4
0
0
0
0

1
2
3
4
5
6
0
0
0
0
PROCESSING SQUADS DONE
************************************************************************
***    "Team CloudBot"
************************************************************************
ADD these members to the sheet
5006805
3590650
2417359
565149
1482310
906547
356598
295200
217649
1116375
522154
303083
102505
961329
-1
56406
385164
-1
1121727
22148
75383
192437
281390
66660
193086
25843
18381
27793
603
96774
19444
21859
29888
166145
749
90339
9113
361
143428
0
24137
0
1645
0
38139
16752
23995
1342
4552
1866
0
0
0
0
15805
0
703
12890
36
0
0
8685
3890
68
200
0
0
27516
0
0
867124
49243
36822
243
159778
2818282
0
869222
426676
75862
63850
0
9900
0
2096
-1
1295
12190
-1
10844
10180
0
0
1501423
28651
879
67002
3367
60996
18
366998
884354
32024
960
0
0
9474
47354
8
0
0
-1
44927
28733
59818
4355
0
0
264609
3657
0
0
161384
47092
242700
0
40644
35055
1416264
10520
3723
7106
744413
89210
64406
17647
0
3192
0
0
29653

SB
Anonymous

6269
0
************************************************************************
***    "All for Nash"
************************************************************************
ADD these members to the sheet
8769113
1000725
826066
191428
1958177
66973
231950
52232
41211
2644
1390
0
12
0
131090
0
188576
482242
96488
34104
0
5878
196031
0
2461890
513996
436
30127
32836
14342
-1
238
13330
0
571
445604
262796
7762
0
382
0
0
646655
19206
32984
12489
89
-1
115166
17091
112703
1096
11076
1355977
1047857
911597
81203
2215
0
18436
12964
10467
8048
8306

Anonymous

0
************************************************************************
***    "The Trading Club"
************************************************************************
ADD these members to the sheet
7484555
160034
797567
56346
1039872
19385
0
3834
0
0
1244530
145844
6000
787
7562
9556
697
31678
1366
0


************************************************************************
***    "Team Fabibi"
************************************************************************
ADD these members to the sheet
-1
301770
92931
132175
19732
122011
137884
63655
67274
18064
18647
20490
3959
33680
0
463316
164
137
3350
12585
68038
0
0
44
-1
5849131
0
0
41619
53393


************************************************************************
***    "The Nashians "
************************************************************************
ADD these members to the sheet
41125
15129
-1
173496
197369
16538
63424
722
19145
7552
-1
68
1703916
9884
53928
449278


************************************************************************
***    "Gunbot Team"
************************************************************************
ADD these members to the sheet
712195
9319
3149
1297
6380
228592
0
0
6413
1832
15334
0
60928
0
2029
0
0
2171
0
0
0

Anonymous
Anonymous
Anonymous
Anonymous

0
0
0
0
************************************************************************
***    "Solo"
************************************************************************
ADD these members to the sheet
LVMVK
8769113
7484555
5006805
-1
1355977
3590650
2417359
869222
41125
565149
1482310
74151
188576
1000725
826066
1703916
906547
356598
297287
301770
1416264
15129
191428
295200
-1
217649
92931
1116375
513996
522154
303083
445604
1047857
102505
28272
2818282
712195
1161768
1958177
482242
385164
426676
159778
75862
961329
2461890
19444
173496
137884
366998
122011
145844
-1
19732
60996
35055
884354
67274
63424
242700
797567
463316
-1
12167
160034
66973
131090
231950
197369
15256
12190
16538
30127
-1
168202
14037
309640
49243
19385
27516
63655
96774
90339
-1
1121727
32836
646655
228592
192437
168905
1501423
98315
139962
262796
96488
91343
52232
56346
42356
1039872
1244530
972391
28651
196031
60928
132175
75383
10844
32024
281390
154262
115166
41619
40264
911597
41211
193086
50306
89210
28745
166145
68038
31678
19697
67002
11326
22148
30304
744413
53393
56406
34104
53853
27793
66660
5849131
19206
13330
-1
867124
44927
59818
88189
17221
29888
38139
12519
265657
161384
143428
21859
25843
18064
449278
67607
53928
20490
32984
-1
28498
47644
264609
13840
21686
12890
19428
28733
27006
12778
18904
112703
27880
18230
15334
18647
81467
63850
22781
19254
12003
14342
24137
64406
13983
18436
40644
17647
224664
158446
12218
11037
18381
16590
13757
17443
12489
52872
15805
10200
29653
17091
12246
102271
27197
21943
27338
10520
10653
13227
11076
123251
21187
17854
23995
118445
12585
12159
12964
16752
10467
47354
30969
12576
78567
10180
31001
14993
10199
11472
24488
22953
10096
82331
19711
56057
57292
14114
10861

MS
MA
SB
MS
PA
DV
Anonymous
VM
TK
MA
FGH

151069
81203
47092
36822
36471
33680
26315
19458
19145
14709
11938
results end here -------------------------------------------------------
