results start here -------------------------------------------------------
39341310
24683038
15734175
8115704
6167259
1802093
978854
0
0
0
0

138
63
20
28
14
25
0
0
0
0

103
52
16
22
14
11
0
0
0
0

72
35
9
17
10
4
0
0
0
0

1
2
3
4
5
6
0
0
0
0
PROCESSING SQUADS DONE
************************************************************************
***    "Team CloudBot"
************************************************************************
ADD these members to the sheet
3664739
2674012
1999567
415119
824081
564486
344677
295200
181513
1114999
405978
262024
102505
659050
-1
56084
385164
-1
592298
18907
49111
130668
178707
49399
74248
20532
13266
27793
603
69470
17106
17989
23520
67084
409
72249
5287
361
80258
0
20591
0
1258
0
27112
6859
8052
0
4552
1866
0
0
0
0
11949
0
703
12890
0
0
0
8685
3367
68
200
0
0
23568
0
0
461105
49243
28138
243
145026
1969377
0
869222
405111
75862
58271
0
8597
0
2096
-1
1295
12190
-1
10826
7014
0
0
1501423
28651
879
29629
3367
60996
18
253078
764059
32024
960
0
0
9474
6343
8
0
0
-1
44927
19316
41752
693
0
0
192875
2779
0
0
159601
47092
193435
0
23236
35055
841539
10520
0
7106
527222
58694
40811
12622
0
3192
0
0
29548

SB
Anonymous

6269
0
************************************************************************
***    "All for Nash"
************************************************************************
ADD these members to the sheet
5716055
718854
594880
184872
1769146
61087
177303
42869
41211
1129
1390
0
12
0
124207
0
188576
137562
80886
25680
0
5878
177740
0
1827795
276089
436
29968
32836
10108
-1
238
12884
0
571
346332
172742
599
0
382
0
0
404823
19079
32984
12489
73
-1
79688
10977
112703
1096
8227
1349070
723713
101128
74390
2215
0
12707
9495
8080
5971
4924

Anonymous

0
************************************************************************
***    "The Trading Club"
************************************************************************
ADD these members to the sheet
5393788
119707
618638
50368
589603
17462
0
3664
0
0
1156772
116975
1142
110
7562
7232
673
30744
1256
0


************************************************************************
***    "Team Fabibi"
************************************************************************
ADD these members to the sheet
-1
301579
77286
132175
19643
114291
127769
56271
58464
17434
15246
20008
2355
29736
0
356053
0
137
3350
192
67142
0
0
26
-1
4676379
0
0
41284
50428


************************************************************************
***    "The Nashians "
************************************************************************
ADD these members to the sheet
41125
14387
-1
171949
123932
16476
63419
253
18535
5517
-1
68
955315
6488
42596
342026


************************************************************************
***    "Gunbot Team"
************************************************************************
ADD these members to the sheet
710555
9319
3149
1297
2393
172211
0
0
4999
0
14536
0
56189
0
2029
0
0
2171
0
0
0

Anonymous
Anonymous
Anonymous
Anonymous

0
0
0
0
************************************************************************
***    "Solo"
************************************************************************
ADD these members to the sheet
ARDK
MCO
GMEF
JLPD
KK
5716055
5393788
3664739
-1
1349070
2674012
1999567
869222
41125
415119
824081
47092
188576
718854
594880
955315
564486
344677
159924
301579
841539
14387
184872
295200
-1
181513
77286
1114999
276089
405978
262024
346332
723713
102505
28217
1969377
710555
52865
1769146
137562
385164
405111
145026
75862
659050
1827795
17106
171949
127769
253078
114291
116975
-1
19643
60996
35055
764059
58464
63419
193435
618638
356053
-1
12167
119707
61087
124207
177303
123932
15256
12190
16476
29968
-1
168202
14037
194099
49243
17462
23568
56271
69470
72249
-1
592298
32836
404823
172211
130668
105837
1501423
93446
74390
172742
80886
40784
42869
50368
40042
589603
1156772
972391
28651
177740
56189
132175
49111
10826
32024
178707
154104
79688
41284
40264
101128
41211
74248
45572
58694
28745
67084
67142
30744
19697
29629
10465
18907
22232
527222
50428
56084
25680
53853
27793
49399
4676379
19079
12884
-1
461105
44927
41752
49725
16644
23520
27112
12519
66403
159601
80258
17989
20532
17434
342026
46044
42596
20008
32984
-1
19458
19926
192875
13840
21686
12890
19428
19316
27006
12778
15085
112703
15895
17291
14536
15246
32716
58271
16447
19254
12003
10108
20591
40811
11284
12707
23236
12622
224664
31642
12160
11037
13266
12601
11801
11512
12489
12365
11949
10200
29548
10977
11839
22605
21376
21065
13063
10520

MA
SB
DV
MS
TK
FGH
MA

68403
44695
29736
28138
18535
11938
10389
results end here -------------------------------------------------------
