results start here -------------------------------------------------------
52679717
31763901
21584385
10683651
7403852
2630588
1039228
0
0
0
0

138
63
20
28
14
25
0
0
0
0

106
52
16
23
14
12
0
0
0
0

76
38
9
18
10
4
0
0
0
0

1
2
3
4
5
6
0
0
0
0
PROCESSING SQUADS DONE
************************************************************************
***    "Team CloudBot"
************************************************************************
ADD these members to the sheet
4873410
3466976
2377238
529520
1437938
869512
356598
295200
212159
1114999
504761
297992
102505
933192
-1
56406
385164
-1
1036435
22148
68995
185038
266093
63655
79915
25035
17972
27793
603
92216
18163
21467
28792
68890
749
85393
8854
361
133478
0
23877
0
1258
0
35314
13878
23597
692
4552
1866
0
0
0
0
15805
0
703
12890
36
0
0
8685
3890
68
200
0
0
27516
0
0
804764
49243
36242
243
159778
2818282
0
869222
416917
75862
62026
0
9900
0
2096
-1
1295
12190
-1
10844
10180
0
0
1501423
28651
879
61231
3367
60996
18
345833
860635
32024
960
0
0
9474
34007
8
0
0
-1
44927
26836
57782
4080
0
0
256396
3217
0
0
161384
47092
236474
0
35636
35055
1398661
10520
3723
7106
715595
83394
60966
16859
0
3192
0
0
29653

SB
Anonymous

6269
0
************************************************************************
***    "All for Nash"
************************************************************************
ADD these members to the sheet
8461187
938428
780160
191428
1929190
65627
222353
52105
41211
2644
1390
0
12
0
129572
0
188576
480389
93887
33650
0
5878
188593
0
2348372
477963
436
30127
32836
12366
-1
238
13330
0
571
432144
253745
4750
0
382
0
0
617631
19206
32984
12489
89
-1
112112
15792
112703
1096
11076
1355173
1015248
725522
81203
2215
0
17841
12502
10467
7692
7780

Anonymous

0
************************************************************************
***    "The Trading Club"
************************************************************************
ADD these members to the sheet
7254959
154208
778672
54033
971828
19385
0
3834
0
0
1244530
145844
5694
787
7562
8589
673
31678
1366
0


************************************************************************
***    "Team Fabibi"
************************************************************************
ADD these members to the sheet
-1
301770
92931
132175
19732
122011
136761
59890
62667
18064
18580
20490
3869
33680
0
463316
164
137
3350
12585
68038
0
0
26
-1
5738998
0
0
41619
52988


************************************************************************
***    "The Nashians "
************************************************************************
ADD these members to the sheet
41125
14721
-1
173496
178659
16507
63424
722
19145
7252
-1
68
1613179
9393
53928
438962


************************************************************************
***    "Gunbot Team"
************************************************************************
ADD these members to the sheet
711902
9319
3149
1297
5416
221493
0
0
6413
1832
15314
0
58887
0
2029
0
0
2171
0
0
0

Anonymous
Anonymous
Anonymous
Anonymous

0
0
0
0
************************************************************************
***    "Solo"
************************************************************************
ADD these members to the sheet
SC Srbija
LMAL
8461187
7254959
4873410
-1
1355173
3466976
2377238
869222
41125
529520
1437938
74151
188576
938428
780160
1613179
869512
356598
226346
301770
1398661
14721
191428
295200
-1
212159
92931
1114999
477963
504761
297992
432144
1015248
102505
28272
2818282
711902
1024665
1929190
480389
385164
416917
159778
75862
933192
2348372
18163
173496
136761
345833
122011
145844
-1
19732
60996
35055
860635
62667
63424
236474
778672
463316
-1
12167
154208
65627
129572
222353
178659
15256
12190
16507
30127
-1
168202
14037
288047
49243
19385
27516
59890
92216
85393
-1
1036435
32836
617631
221493
185038
168905
1501423
98315
139962
253745
93887
83513
52105
54033
40042
971828
1244530
972391
28651
188593
58887
132175
68995
10844
32024
266093
154262
112112
41619
40264
725522
41211
79915
50306
83394
28745
68890
68038
31678
19697
61231
11326
22148
30304
715595
52988
56406
33650
53853
27793
63655
5738998
19206
13330
-1
804764
44927
57782
88189
17221
28792
35314
12519
252212
161384
133478
21467
25035
18064
438962
60126
53928
20490
32984
-1
28498
46681
256396
13840
21686
12890
19428
26836
27006
12778
18904
112703
27880
18230
15314
18580
75967
62026
22781
19254
12003
12366
23877
60966
13983
17841
35636
16859
224664
158446
12218
11037
17972
16590
12770
17443
12489
44395
15805
10200
29653
15792
12056
102271
27197
21943
18356
10520
10653
12220
11076
123251
15317
16244
23597
118445
12585
12159
12502
13878
10467
34007
30969
10167
70412
10180
31001
13498
10199
11472
24488
16591
10096
28871
19711

MS
MA
SB
MS
DV
Anonymous
VM
TK
MA
FGH

114268
81203
47092
36242
33680
26263
19458
19145
12302
11938
results end here -------------------------------------------------------
