results start here -------------------------------------------------------
24981331
14478602
8416838
4357455
3864464
1049281
877906
0
0
0
0

123
49
18
27
14
24
0
0
0
0

91
38
14
20
13
10
0
0
0
0

56
26
9
15
10
3
0
0
0
0

1
2
3
4
5
6
0
0
0
0
PROCESSING SQUADS DONE
************************************************************************
***    "Team CloudBot"
************************************************************************
ADD these members to the sheet
2481325
1629681
1124897
252251
326742
333052
285735
209529
120350
1075449
260769
146765
80605
344211
-1
42414
264167
-1
103683
15288
26962
51927
81594
18600
54863
11828
6512
18392
450
41670
17106
11558
13530
51000
232
34565
3150
361
18497
0
1537
0
132
0
12785
2449
3487
0
4552
1824
0
0
0
0
3771
0
703
8582
0
0
0
3819
3348
68
0
0
0
23568
0
0
149836
25987
7804
243
66370
1334928
0
865980
308626
75862
3211
0
5891
0
2096
-1
1295
12190
29548
10826
2974
0
0
1151532
28651
879
16898
3367
43772
18
112785
286627
31180
713
0
0
7496
5899
8
0
0
-1
44695
8318
30942
613
0
0
24449
556
0
0
39728
106
105323
0

Anonymous

0
************************************************************************
***    "All for Nash"
************************************************************************
ADD these members to the sheet
3837204
419269
316753
137636
1125200
42356
117437
28725
30753
1129
414
0
12
0
58055
0
159477
101712
59344
17911
0
5878
145010
0
1105429
145803
255
29968
20816
9597
-1
93
11212
0
450
192753
67346
599
0
382
0
0
153550
13297
14901
8556
73
0
37463

Anonymous

0
************************************************************************
***    "The Trading Club"
************************************************************************
ADD these members to the sheet
3468780
65970
373714
33092
115453
15413
0
865
0
0
158551
96990
345
0
7562
5729
68
14918


************************************************************************
***    "Team Fabibi"
************************************************************************
ADD these members to the sheet
-1
228739
49581
22933
18652
81165
107814
32972
42948
10801
8740
14176
1333
28002
0
209211
0
0
1069
192
28211
0
0
21
-1
2940814
0
0
37082


************************************************************************
***    "The Nashians "
************************************************************************
ADD these members to the sheet
40641
14015
-1
143645
67846
15045
62414
0
16606
3040
-1
68
499591
2924
29495
153947


************************************************************************
***    "Gunbot Team"
************************************************************************
ADD these members to the sheet
706444
8150
2867
276
257
105976
0
0
3721
0
7693
0
40488
0
2029
0
0
0
0
0

Anonymous
Anonymous
Anonymous
Anonymous

0
0
0
0
************************************************************************
***    "Solo"
************************************************************************
ADD these members to the sheet
3837204
3468780
2481325
-1
1161620
1629681
1124897
865980
40641
252251
326742
30048
159477
419269
316753
499591
333052
285735
104126
228739
344965
14015
137636
209529
-1
120350
49581
1075449
145803
260769
146765
192753
436872
80605
28193
1334928
706444
52865
1125200
101712
264167
308626
66370
75862
344211
1105429
17106
143645
107814
112785
81165
96990
29548
18652
43772
34653
286627
42948
62414
105323
373714
209211
-1
12167
65970
42356
58055
117437
67846
15256
12190
15045
29968
-1
168202
14037
100978
25987
15413
23568
32972
41670
34565
-1
103683
20816
153550
105976
51927
12216
1151532
28087
50807
67346
59344
17775
28725
33092
31469
115453
158551
972391
28651
145010
40488
22933
26962
10826
31180
81594
48833
37463
37082
40264
74881
30753
54863
29653
29299
28745
51000
28211
14918
19697
16898
10465
15288
22232
137737
33424
42414
17911
15093
18392
18600
2940814
13297
11212
-1
149836
44695
30942
14274
10348
13530
12785
12519
30406
39728
18497
11558
11828
10801
153947
12909
29495
14176
14901
439319
19458
16995
24449
13840

DV
TK

28002
16606
results end here -------------------------------------------------------
