results start here -------------------------------------------------------
56157230
33086960
22850291
11083229
7559290
2794849
1056546
0
0
0
0

138
63
20
28
14
25
0
0
0
0

106
52
16
23
14
12
0
0
0
0

77
38
9
18
10
4
0
0
0
0

1
2
3
4
5
6
0
0
0
0
PROCESSING SQUADS DONE
************************************************************************
***    "Team CloudBot"
************************************************************************
ADD these members to the sheet
5066265
3630745
2422300
573187
1502876
914915
356598
295200
219503
1116375
528976
306461
102505
966637
-1
56406
385164
-1
1143367
22148
77182
196108
288859
67758
193242
26486
18975
27793
603
97720
19444
22770
30002
167163
749
93326
9199
361
148403
0
24177
0
1645
0
38289
17118
23995
1403
4552
1866
0
0
0
0
15805
0
703
12890
36
0
0
8685
3890
68
200
0
0
27516
0
0
883821
49243
37940
243
159778
2818282
0
869222
428961
75862
63850
0
10090
0
2096
-1
1295
12190
-1
10844
10180
0
0
1501423
28651
879
68410
3367
60996
18
369807
889438
32024
960
0
0
9731
51166
8
0
0
-1
44927
28733
59818
4355
0
0
268179
3657
0
0
161384
47092
248145
0
40943
35055
1416264
10520
3723
7106
759657
91810
68545
18496
0
3192
0
0
29653

SB
Anonymous

6269
0
************************************************************************
***    "All for Nash"
************************************************************************
ADD these members to the sheet
8847448
1021210
836890
191428
1964926
67648
232823
52244
41211
2644
1390
0
12
0
131180
0
188576
493252
99095
34465
0
7398
199434
0
2481357
521008
436
30127
32836
14750
-1
238
13330
0
571
454644
265496
7762
0
382
0
0
675634
19206
32984
12489
89
-1
116565
17702
112703
1096
11076
1356032
1060188
1054961
81203
2215
0
19206
13261
10467
8321
8657

Anonymous

0
************************************************************************
***    "The Trading Club"
************************************************************************
ADD these members to the sheet
7539672
161248
800902
56346
1053146
19646
0
3834
0
0
1244530
145844
6000
905
7562
9843
697
31678
1366
0


************************************************************************
***    "Team Fabibi"
************************************************************************
ADD these members to the sheet
-1
301770
92931
133348
19732
122908
137884
63655
67764
18064
18848
20490
3969
33680
0
463316
164
137
3350
12585
68038
0
0
44
-1
5881590
0
0
41619
53393


************************************************************************
***    "The Nashians "
************************************************************************
ADD these members to the sheet
41125
15129
-1
173496
204103
16538
63424
733
19145
7624
-1
68
1735346
9884
53928
454299


************************************************************************
***    "Gunbot Team"
************************************************************************
ADD these members to the sheet
712195
9319
3149
1297
6440
232628
0
0
6413
1832
16558
0
62509
0
2029
0
0
2171
0
0
0

Anonymous
Anonymous
Anonymous
Anonymous

0
0
0
0
************************************************************************
***    "Solo"
************************************************************************
ADD these members to the sheet
8847448
7539672
5066265
-1
1356032
3630745
2422300
869222
41125
573187
1502876
74151
188576
1021210
836890
1735346
914915
356598
321275
301770
1416264
15129
191428
295200
-1
219503
92931
1116375
521008
528976
306461
454644
1060188
102505
28272
2818282
712195
1305175
1964926
493252
385164
428961
159778
75862
966637
2481357
19444
173496
137884
369807
122908
145844
-1
19732
60996
35055
889438
67764
63424
248145
800902
463316
-1
12167
161248
67648
131180
232823
204103
15256
12190
16538
30127
-1
168202
14037
320801
49243
19646
27516
63655
97720
93326
-1
1143367
32836
675634
232628
196108
168905
1501423
98315
139962
265496
99095
95172
52244
56346
42356
1053146
1244530
972391
28651
199434
62509
133348
77182
10844
32024
288859
176407
116565
41619
40264
1054961
41211
193242
55246
91810
28745
167163
68038
31678
19697
68410
11326
22148
30304
759657
53393
56406
34465
53853
27793
67758
5881590
19206
13330
-1
883821
44927
59818
88189
17221
30002
38289
12519
265657
161384
148403
22770
26486
18064
454299
67866
53928
20490
32984
-1
28498
47644
268179
13840
21686
12890
19428
28733
27006
12778
18904
112703
27880
18230
16558
18848
92085
63850
22781
19254
12003
14750
24177
68545
13983
19206
40943
18496
224664
158446
12218
11037
18975
16590
14751
17443
12489
55857
15805
10200
29653
17702
12246
102271
27197
26427
27338
10520
10653
13227
11076
123251
21187
17854
23995
118445
12585
12159
13261
17118
10467
51166
30969
12576
78567
10180
31001
14993
10199
11472
24488
24874
10096
110518
19711
68790
65570
14114
10861
15615
66763
10090

MS
MA
PA
SB
MS
DV
Anonymous
VM
TK
MA
FGH

188867
81203
48016
47092
37940
33680
26315
19458
19145
14709
11938
results end here -------------------------------------------------------
