results start here -------------------------------------------------------
51526608
31371405
21164799
10554263
7369662
2513550
1033938
0
0
0
0

138
63
20
28
14
25
0
0
0
0

106
52
16
23
14
12
0
0
0
0

76
38
9
18
10
4
0
0
0
0

1
2
3
4
5
6
0
0
0
0
PROCESSING SQUADS DONE
************************************************************************
***    "Team CloudBot"
************************************************************************
ADD these members to the sheet
4798732
3425188
2367233
514646
1415734
845229
356598
295200
207471
1114999
495966
295183
102505
899998
-1
56406
385164
-1
1020653
22148
66809
182210
260219
62743
79152
24795
17972
27793
603
90128
18163
21427
28415
68137
749
84345
8764
361
128629
0
23877
0
1258
0
34489
13613
23597
312
4552
1866
0
0
0
0
15626
0
703
12890
36
0
0
8685
3682
68
200
0
0
23568
0
0
767307
49243
35616
243
159778
2818282
0
869222
412567
75862
60411
0
9900
0
2096
-1
1295
12190
-1
10844
10180
0
0
1501423
28651
879
59146
3367
60996
18
338013
859688
32024
960
0
0
9474
32269
8
0
0
-1
44927
25038
54839
1127
0
0
252748
3097
0
0
161303
47092
233238
0
34093
35055
1379548
10520
3723
7106
700581
80031
60070
16664
0
3192
0
0
29653

SB
Anonymous

6269
0
************************************************************************
***    "All for Nash"
************************************************************************
ADD these members to the sheet
8291575
870361
767173
191428
1923068
65529
221408
52105
41211
2644
1390
0
12
0
129317
0
188576
472297
87273
33359
0
5878
185886
0
2315149
465954
436
30127
32836
11857
-1
238
13330
0
571
423386
249591
4343
0
382
0
0
617631
19079
32984
12489
89
-1
109915
15370
112703
1096
11076
1355173
992902
666735
81203
2215
0
17606
12238
10467
7615
7500

Anonymous

0
************************************************************************
***    "The Trading Club"
************************************************************************
ADD these members to the sheet
7161455
151908
773546
54033
945575
18361
0
3834
0
0
1244530
145844
5694
787
7562
7410
673
31678
1366
0


************************************************************************
***    "Team Fabibi"
************************************************************************
ADD these members to the sheet
-1
301770
92931
132175
19667
121952
136761
59890
61297
18064
18512
20490
3470
33079
0
463316
164
137
3350
12585
68038
0
0
26
-1
5707370
0
0
41619
52988


************************************************************************
***    "The Nashians "
************************************************************************
ADD these members to the sheet
41125
14721
-1
173496
168362
16507
63424
722
18535
7132
-1
68
1512510
9177
53928
433835


************************************************************************
***    "Gunbot Team"
************************************************************************
ADD these members to the sheet
711445
9319
3149
1297
4219
219092
0
0
6112
1832
14536
0
58731
0
2029
0
0
2171
0
0
0

Anonymous
Anonymous
Anonymous
Anonymous

0
0
0
0
************************************************************************
***    "Solo"
************************************************************************
ADD these members to the sheet
8291575
7161455
4798732
-1
1355173
3425188
2367233
869222
41125
514646
1415734
59519
188576
870361
767173
1512510
845229
356598
226346
301770
1379548
14721
191428
295200
-1
207471
92931
1114999
465954
495966
295183
423386
992902
102505
28272
2818282
711445
812331
1923068
472297
385164
412567
159778
75862
899998
2315149
18163
173496
136761
338013
121952
145844
-1
19667
60996
35055
859688
61297
63424
233238
773546
463316
-1
12167
151908
65529
129317
221408
168362
15256
12190
16507
30127
-1
168202
14037
277302
49243
18361
23568
59890
90128
84345
-1
1020653
32836
617631
219092
182210
168905
1501423
98315
139962
249591
87273
83513
52105
54033
40042
945575
1244530
972391
28651
185886
58731
132175
66809
10844
32024
260219
154262
109915
41619
40264
666735
41211
79152
50306
80031
28745
68137
68038
31678
19697
59146
10465
22148
30304
700581
52988
56406
33359
53853
27793
62743
5707370
19079
13330
-1
767307
44927
54839
88189
17221
28415
34489
12519
114636
161303
128629
21427
24795
18064
433835
53053
53928
20490
32984
-1
25984
44343
252748
13840
21686
12890
19428
25038
27006
12778
17968
112703
27880
18230
14536
18512
74164
60411
22781
19254
12003
11857
23877
60070
12225
17606
34093
16664
224664
158446
12175
11037
17972
16590
12770
17443
12489
44395
15626
10200
29653
15370
12056
102271
27197
21943
18356
10520
10653
11719
11076
123251
15317
16244
23597
72823
12585
12159
12238
13613
10467
32269
30969
10167
62352
10180
31001
13498
10199
11472
24488
12837
10096

MA
MS
SB
MS
DV
Anonymous
VM
TK
FGH
MA

81203
50487
47092
35616
33079
26263
19458
18535
11938
11699
results end here -------------------------------------------------------
