results start here -------------------------------------------------------
30081123
18497141
12800276
5905900
4804160
1254699
908386
0
0
0
0

138
63
20
28
14
25
0
0
0
0

102
52
15
21
13
11
0
0
0
0

64
31
9
17
10
4
0
0
0
0

1
2
3
4
5
6
0
0
0
0
PROCESSING SQUADS DONE
************************************************************************
***    "Team CloudBot"
************************************************************************
ADD these members to the sheet
2963817
2004564
1355225
301211
491801
416369
309500
239771
147832
1105669
301450
181268
94822
508911
-1
56084
298858
-1
129888
17157
34645
74770
100624
29897
69877
14993
8811
27220
450
48754
17106
11986
16757
61163
232
47668
3671
361
34473
0
6004
0
132
0
13160
5558
3999
0
4552
1866
0
0
0
0
6464
0
703
12890
0
0
0
8685
3348
68
98
0
0
23568
0
0
247131
38342
14481
243
86638
1624940
0
869222
354410
75862
27237
0
7523
0
2096
-1
1295
12190
29548
10826
4832
0
0
1387458
28651
879
18884
3367
49926
18
140823
510845
32024
882
0
0
7496
6343
8
0
0
-1
44695
11756
37548
693
0
0
68798
916
0
0
115140
6091
119856
0
3019
35055
502718
8713
0
5917
267359
40149
7590
7800
0
0
0
0

SB
Anonymous

106
0
************************************************************************
***    "All for Nash"
************************************************************************
ADD these members to the sheet
5097735
533804
396184
148276
1368484
49068
129551
37901
41211
1129
414
0
12
0
83914
0
188576
123710
69939
19439
0
5878
162013
0
1292008
190413
255
29968
26579
9933
-1
93
11212
0
510
251597
108019
599
0
382
0
0
214450
13297
26305
8556
73
-1
49105
7256
56833
1096
1313
1313149
552897
86016
62729
2215
0
8214
6658
4692
3895
2694

Anonymous

0
************************************************************************
***    "The Trading Club"
************************************************************************
ADD these members to the sheet
4143716
80525
467277
45458
212325
15413
0
1705
0
0
789590
116975
345
0
7562
6741
221
17319
721
0


************************************************************************
***    "Team Fabibi"
************************************************************************
ADD these members to the sheet
-1
253528
64563
39224
19459
90155
112707
39477
44897
13959
11302
19686
1599
28002
0
255204
0
0
1828
192
46642
0
0
26
-1
3680509
0
0
39161
42030


************************************************************************
***    "The Nashians "
************************************************************************
ADD these members to the sheet
40641
14015
-1
168777
96384
15045
63419
0
16606
3567
-1
68
585650
3870
39366
207285


************************************************************************
***    "Gunbot Team"
************************************************************************
ADD these members to the sheet
707408
8150
3100
287
762
119320
0
0
4418
0
13617
0
47120
0
2029
0
0
2171
0
0
0

Anonymous
Anonymous
Anonymous
Anonymous

0
0
0
0
************************************************************************
***    "Solo"
************************************************************************
ADD these members to the sheet
HF
5097735
4143716
2963817
-1
1313149
2004564
1355225
869222
40641
301211
491801
30048
188576
533804
396184
585650
416369
309500
114020
253528
502718
14015
148276
239771
-1
147832
64563
1105669
190413
301450
181268
251597
552897
94822
28193
1624940
707408
52865
1368484
123710
298858
354410
86638
75862
508911
1292008
17106
168777
112707
140823
90155
116975
29548
19459
49926
35055
510845
44897
63419
119856
467277
255204
-1
12167
80525
49068
83914
129551
96384
15256
12190
15045
29968
-1
168202
14037
144109
38342
15413
23568
39477
48754
47668
-1
129888
26579
214450
119320
74770
19573
1387458
48025
62729
108019
69939
21084
37901
45458
35622
212325
789590
972391
28651
162013
47120
39224
34645
10826
32024
100624
75072
49105
39161
40264
86016
41211
69877
38500
40149
28745
61163
46642
17319
19697
18884
10465
17157
22232
267359
42030
56084
19439
22221
27220
29897
3680509
13297
11212
-1
247131
44695
37548
28928
10959
16757
13160
12519
30406
115140
34473
11986
14993
13959
207285
12909
39366
19686
26305
439319
19458
16995
68798
13840
21686
12890
14590
11756
20689
12778
14919
56833
15895
14471
13617
11302
13996
27237

DV
TK
MS

28002
16606
14481
results end here -------------------------------------------------------
