results start here -------------------------------------------------------
19444464
11718150
6328115
3372602
2858845
801055
818352
0
0
0
0

115
44
17
25
14
23
0
0
0
0

85
34
13
17
12
10
0
0
0
0

50
24
8
12
9
3
0
0
0
0

1
2
3
4
6
5
0
0
0
0
PROCESSING SQUADS DONE
************************************************************************
***    "Team CloudBot"
************************************************************************
ADD these members to the sheet
1980970
1427630
879564
179701
278260
289683
271378
127098
120335
832240
208894
120987
80605
309937
-1
27401
211678
-1
57845
13307
21354
40072
44720
12422
44670
9281
5297
11660
450
36071
14995
8661
11033
33631
232
25718
2674
361
8164
0
799
0
132
0
10988
2449
3093
0
0
1824
0
0
0
0
588
0
703
6374
0
0
0
795
3348
68
0
0
0
23568
0
0
72799
14583
5865
243
59341
1108214
0
832916
267295
75862
1216
0
5711
0
2096
-1
1295
12190
29548
10826
2113
0
0
860472
28651
879
14475
3367
39146
18
90665
258901
30886
713
0
0
7496
3914
8
0
0
-1
44695
4640
22875
488
0
0

Anonymous

0
************************************************************************
***    "All for Nash"
************************************************************************
ADD these members to the sheet
2914102
250665
265111
105981
879700
24787
94487
25701
25962
1129
414
0
12
0
48354
0
143973
85001
53767
17115
0
1580
117586
0
787876
114083
255
29968
20757
9032
-1
82
11212
0
295
159109
50303
297
0
382
0
0
75724
13297

Anonymous

0
************************************************************************
***    "The Trading Club"
************************************************************************
ADD these members to the sheet
2728219
54359
344938
24956
66466
15413
0
865
0
0
57099
68014
345
0
7562
4292
68


************************************************************************
***    "Team Fabibi"
************************************************************************
ADD these members to the sheet
-1
197773
43677
22933
18163
63099
91733
29017
38978
9811
6844
9269
1227
27246
0
118126
0
0
0
192
20441
0
0
0
-1
2160309
0


************************************************************************
***    "The Nashians "
************************************************************************
ADD these members to the sheet
40641
14015
112853
109594
53575
15045
60391
0
13865
2801
-1
68
375888
2314
0


************************************************************************
***    "Gunbot Team"
************************************************************************
ADD these members to the sheet
700296
2846
1265
94
207
76242
0
0
3494
0
5215
0
27460
0
1230
0
0
0
0

Anonymous
Anonymous
Anonymous
Anonymous

0
0
0
0
************************************************************************
***    "Solo"
************************************************************************
ADD these members to the sheet
2914102
2728219
1980970
-1
1114088
1427630
879564
832916
40641
179701
278260
30048
143973
250665
265111
375888
289683
271378
98194
197773
261960
14015
105981
127098
112853
120335
43677
832240
114083
208894
120987
159109
355575
80605
28193
1108214
700296
52865
879700
85001
211678
267295
59341
75862
309937
787876
14995
109594
91733
90665
63099
68014
29548
18163
39146
33532
258901
38978
60391
86713
344938
118126
-1
12167
54359
24787
48354
94487
53575
15256
12190
15045
29968
-1
160541
14037
71343
14583
15413
23568
29017
36071
25718
-1
57845
20757
75724
76242
40072
12216
860472
23080
25642
50303
53767
17010
25701
24956
23375
66466
57099
618635
28651
117586
27460
22933
21354
10826
30886
44720
23111
27099
23259
40264
47744
25962
44670
26225
21290
28745
33631
20441
14775
19697
14475
10465
13307
22232
89907
27314
27401
17115
13240
11660
12422
2160309
13297
11212
-1
72799
44695
22875
12680
10348
11033
10988
10630

DV
TK

27246
13865
results end here -------------------------------------------------------
