results start here -------------------------------------------------------
36176440
22793758
14881462
7400124
5851359
1545658
953288
0
0
0
0

138
63
20
28
14
25
0
0
0
0

102
52
16
21
14
11
0
0
0
0

70
33
9
17
10
4
0
0
0
0

1
2
3
4
5
6
0
0
0
0
PROCESSING SQUADS DONE
************************************************************************
***    "Team CloudBot"
************************************************************************
ADD these members to the sheet
3418183
2430469
1919017
369328
666010
509776
340035
281606
172968
1114999
362621
234197
102505
592042
-1
56084
385164
-1
467996
18907
43457
109070
148235
43658
73421
18116
11556
27793
603
60055
17106
16342
21891
66865
272
66532
4794
361
65085
0
17782
0
132
0
22532
6052
4324
0
4552
1866
0
0
0
0
9799
0
703
12890
0
0
0
8685
3367
68
200
0
0
23568
0
0
387064
49029
24925
243
121697
1922885
0
869222
387544
75862
54005
0
8239
0
2096
-1
1295
12190
29548
10826
5884
0
0
1501423
28651
879
24435
3367
60996
18
212333
650704
32024
960
0
0
7496
6343
8
0
0
-1
44927
17121
39141
693
0
0
152273
2460
0
0
159601
47092
169727
0
19445
35055
736750
9288
0
6200
413176
48968
29133
10734
0
0
0
0

SB
Anonymous

6091
0
************************************************************************
***    "All for Nash"
************************************************************************
ADD these members to the sheet
5689809
651674
510471
180062
1634131
55362
150897
41775
41211
1129
1390
0
12
0
111851
0
188576
137562
69939
22867
0
5878
172680
0
1612075
242382
255
29968
32598
10108
-1
93
12438
0
571
309156
143588
599
0
382
0
0
352414
19079
32984
9795
73
-1
66280
8224
112703
1096
8227
1348906
663562
93134
66337
2215
0
10758
8474
7547
4682
3457

Anonymous

0
************************************************************************
***    "The Trading Club"
************************************************************************
ADD these members to the sheet
4990368
107962
582984
47565
443682
16462
0
3664
0
0
1047719
116975
345
110
7562
7232
541
26224
721
0


************************************************************************
***    "Team Fabibi"
************************************************************************
ADD these members to the sheet
-1
298477
72826
132175
19643
98859
121788
56271
56413
16532
13305
20008
1899
28250
0
304491
0
0
3350
192
59030
0
0
26
-1
4456104
0
0
41284
50428


************************************************************************
***    "The Nashians "
************************************************************************
ADD these members to the sheet
40641
14015
-1
170461
117739
16476
63419
253
17330
4739
-1
68
770800
4972
42596
282145


************************************************************************
***    "Gunbot Team"
************************************************************************
ADD these members to the sheet
708865
8150
3143
1297
1913
154622
0
0
4999
0
13617
0
52477
0
2029
0
0
2171
0
0
0

Anonymous
Anonymous
Anonymous
Anonymous

0
0
0
0
************************************************************************
***    "Solo"
************************************************************************
ADD these members to the sheet
5689809
4989863
3417579
-1
1348906
2430451
1917388
869222
40641
369328
665878
47092
188576
651674
510471
770800
509776
340035
136419
298477
736697
14015
180062
281606
-1
172968
72826
1114999
242382
362590
234197
309156
663521
102505
28193
1922864
708865
52865
1633965
137562
385164
387544
121697
75862
591791
1611841
17106
170461
121788
212333
98859
116975
29548
19643
60996
35055
650704
56413
63419
169727
582762
304491
-1
12167
107962
55362
111851
150822
117739
15256
12190
16476
29968
-1
168202
14037
170726
49014
16462
23568
56271
60055
66532
-1
467996
32598
352414
154622
109070
83988
1501423
84018
66337
143588
69939
32692
41775
47565
35622
443446
1047419
972391
28651
172680
52477
132175
43457
10826
32024
148185
85589
66280
41284
40264
93134
41211
73421
43240
48968
28745
66865
59030
26224
19697
24435
10465
18907
22232
413176
50428
56084
22867
50615
27793
43658
4456104
19079
12438
-1
386963
44927
39141
30302
10959
21891
22532
12519
30406
159601
65085
16342
17883
16519
282145
19494
42596
20008
32984
439319
19458
19926
152273
13840
21686
12890
15812
17121
27006
12778
15036
112703
15895
14471
13617
13305
13996
54005
16447
12066
12003
10108
17782
29133
11284
10758
19445
10734
133934
31642
12102
11037
11556

SB
DV
MS
TK
FGH

31583
28250
24925
17330
11938
results end here -------------------------------------------------------
