results start here -------------------------------------------------------
57468739
33688123
23152813
11256379
7663494
2906832
1065129
0
0
0
0

138
63
20
28
14
25
0
0
0
0

106
52
16
23
14
12
0
0
0
0

77
38
10
18
10
4
0
0
0
0

1
2
3
4
5
6
0
0
0
0
PROCESSING SQUADS DONE
************************************************************************
***    "Team CloudBot"
************************************************************************
ADD these members to the sheet
5210142
3715957
2433597
590628
1545326
934351
356598
295200
222822
1119487
540144
309734
102505
985799
-1
56406
385164
-1
1171591
22148
79735
201137
301264
69425
194770
27050
19277
27793
603
100718
19444
23289
31091
167793
749
95427
9632
361
157656
0
25572
0
1645
0
39792
18046
24315
1403
4552
1866
0
0
0
0
15805
0
703
12890
36
0
0
8685
3890
68
200
0
0
27516
0
0
928005
49243
38993
243
159778
2833838
0
869222
435566
75862
63850
0
10090
0
2096
-1
1295
12190
-1
10844
10180
0
0
1501423
28651
879
71394
3367
61900
18
377349
896599
32024
960
0
0
9731
57949
8
0
0
-1
44927
28733
61818
4627
0
0
272482
3822
0
0
161384
47092
253532
0
42950
35055
1416264
10520
3723
7106
813991
96116
70648
18823
0
3192
0
0
29653

SB
Anonymous

6269
0
************************************************************************
***    "All for Nash"
************************************************************************
ADD these members to the sheet
8936331
1021210
864168
191428
1981042
68760
235563
52282
41211
2644
1390
0
12
0
131636
0
188576
500668
101598
35395
0
7398
203847
0
2546184
543531
436
30127
32836
15333
-1
238
13330
0
571
465482
273617
9168
0
407
0
0
675634
19206
32984
12489
89
-1
117380
18197
112703
1096
11076
1358373
1095555
1057232
81203
2215
0
19503
13493
10467
8571
8902

Anonymous

0
************************************************************************
***    "The Trading Club"
************************************************************************
ADD these members to the sheet
7676376
163730
812489
56346
1072203
19646
0
3834
0
0
1246262
145844
6000
1204
7562
11133
697
31678
1366
0


************************************************************************
***    "Team Fabibi"
************************************************************************
ADD these members to the sheet
-1
301770
92931
133348
19732
125353
137884
64910
68158
18064
18917
20490
3969
33680
0
463316
164
137
3350
12585
68038
0
0
44
-1
5981631
0
0
41619
53393


************************************************************************
***    "The Nashians "
************************************************************************
ADD these members to the sheet
41125
15129
-1
173496
212501
16538
66003
733
19340
7936
-1
68
1828109
9908
53928
462012


************************************************************************
***    "Gunbot Team"
************************************************************************
ADD these members to the sheet
712486
9319
3149
1297
6801
239497
0
0
6413
1832
16558
0
63572
0
2029
0
0
2171
0
0
0

Anonymous
Anonymous
Anonymous
Anonymous

0
0
0
0
************************************************************************
***    "Solo"
************************************************************************
ADD these members to the sheet
8936331
7676376
5210142
-1
1358373
3715957
2433597
869222
41125
590628
1545326
83132
188576
1021210
864168
1828109
934351
356598
330257
301770
1416264
15129
191428
295200
-1
222822
92931
1119487
543531
540144
309734
465482
1095555
102505
28477
2833838
712486
1305175
1981042
500668
385164
435566
159778
75862
985799
2546184
19444
173496
137884
377349
125353
145844
-1
19732
61900
35055
896599
68158
66003
253532
812489
463316
-1
12167
163730
68760
131636
235563
212501
15256
12190
16538
30127
-1
168202
14037
340634
49243
19646
27516
64910
100718
95427
-1
1171591
32836
675634
239497
201137
171315
1501423
98315
139962
273617
101598
95172
52282
56346
42356
1072203
1246262
972391
28651
203847
63572
133348
79735
10844
32024
301264
176407
117380
41619
40264
1057232
41211
194770
55246
96116
28745
167793
68038
31678
19697
71394
11326
22148
30304
813991
53393
56406
35395
53853
27793
69425
5981631
19206
13330
-1
928005
44927
61818
88189
17246
31091
39792
12519
265657
161384
157656
23289
27050
18064
462012
67866
53928
20490
32984
-1
28498
49302
272482
13840
21686
12890
19428
28733
27006
12778
18904
112703
27880
18230
16558
18917
99167
63850
22781
19254
12003
15333
25572
70648
13983
19503
42950
18823
224664
158446
14875
11037
19277
16590
14751
20578
12489
58196
15805
10200
29653
18197
13917
102271
27197
26427
27760
10520
10653
13782
11076
123251
21187
18980
24315
118445
12585
12159
13493
18046
10467
57949
30969
12576
96647
10180
31001
16579
10199
11472
24488
26754
10096
136059
19711
72176
84832
14114
16881
18202
127406
10090
11133

MS
MA
PA
SB
MS
DV
Anonymous
VM
TK
MA
FGH

189373
81203
64655
47092
38993
33680
26377
19458
19340
14709
11938
results end here -------------------------------------------------------
