results start here -------------------------------------------------------
52740355
31792416
21611933
10706938
7412515
2631486
1040030
0
0
0
0

138
63
20
28
14
25
0
0
0
0

106
52
16
23
14
12
0
0
0
0

76
38
9
18
10
4
0
0
0
0

1
2
3
4
5
6
0
0
0
0
PROCESSING SQUADS DONE
************************************************************************
***    "Team CloudBot"
************************************************************************
ADD these members to the sheet
4878774
3468380
2379105
530623
1438931
870169
356598
295200
212159
1114999
505766
298465
102505
934703
-1
56406
385164
-1
1036435
22148
69045
185875
266838
63942
79915
25035
17972
27793
603
92241
18163
21467
28900
68890
749
86143
8854
361
134797
0
23877
0
1258
0
35314
13878
23597
692
4552
1866
0
0
0
0
15805
0
703
12890
36
0
0
8685
3890
68
200
0
0
27516
0
0
808385
49243
36242
243
159778
2818282
0
869222
417676
75862
62026
0
9900
0
2096
-1
1295
12190
-1
10844
10180
0
0
1501423
28651
879
61621
3367
60996
18
347707
860635
32024
960
0
0
9474
34007
8
0
0
-1
44927
26836
57782
4080
0
0
256968
3217
0
0
161384
47092
236716
0
35636
35055
1400882
10520
3723
7106
715693
83634
60966
16859
0
3192
0
0
29653

SB
Anonymous

6269
0
************************************************************************
***    "All for Nash"
************************************************************************
ADD these members to the sheet
8465220
938428
784656
191428
1930845
65627
222353
52105
41211
2644
1390
0
12
0
129572
0
188576
482092
93887
33650
0
5878
189317
0
2354264
477963
436
30127
32836
12547
-1
238
13330
0
571
432795
253745
4750
0
382
0
0
617631
19206
32984
12489
89
-1
112112
15837
112703
1096
11076
1355173
1017111
731827
81203
2215
0
17841
12502
10467
7692
7780

Anonymous

0
************************************************************************
***    "The Trading Club"
************************************************************************
ADD these members to the sheet
7273611
154256
780676
54033
974356
19385
0
3834
0
0
1244530
145844
5694
787
7562
8644
673
31678
1366
0


************************************************************************
***    "Team Fabibi"
************************************************************************
ADD these members to the sheet
-1
301770
92931
132175
19732
122011
136761
59890
63256
18064
18580
20490
3869
33680
0
463316
164
137
3350
12585
68038
0
0
26
-1
5747073
0
0
41619
52988


************************************************************************
***    "The Nashians "
************************************************************************
ADD these members to the sheet
41125
14721
-1
173496
178876
16507
63424
722
19145
7288
-1
68
1613433
9441
53928
439306


************************************************************************
***    "Gunbot Team"
************************************************************************
ADD these members to the sheet
711902
9319
3149
1297
5597
222093
0
0
6413
1832
15314
0
58908
0
2029
0
0
2171
0
0
0

Anonymous
Anonymous
Anonymous
Anonymous

0
0
0
0
************************************************************************
***    "Solo"
************************************************************************
ADD these members to the sheet
8465220
7273611
4878774
-1
1355173
3468380
2379105
869222
41125
530623
1438931
74151
188576
938428
784656
1613433
870169
356598
226346
301770
1400882
14721
191428
295200
-1
212159
92931
1114999
477963
505766
298465
432795
1017111
102505
28272
2818282
711902
1028728
1930845
482092
385164
417676
159778
75862
934703
2354264
18163
173496
136761
347707
122011
145844
-1
19732
60996
35055
860635
63256
63424
236716
780676
463316
-1
12167
154256
65627
129572
222353
178876
15256
12190
16507
30127
-1
168202
14037
288544
49243
19385
27516
59890
92241
86143
-1
1036435
32836
617631
222093
185875
168905
1501423
98315
139962
253745
93887
83513
52105
54033
40042
974356
1244530
972391
28651
189317
58908
132175
69045
10844
32024
266838
154262
112112
41619
40264
731827
41211
79915
50306
83634
28745
68890
68038
31678
19697
61621
11326
22148
30304
715693
52988
56406
33650
53853
27793
63942
5747073
19206
13330
-1
808385
44927
57782
88189
17221
28900
35314
12519
252212
161384
134797
21467
25035
18064
439306
60126
53928
20490
32984
-1
28498
46681
256968
13840
21686
12890
19428
26836
27006
12778
18904
112703
27880
18230
15314
18580
75967
62026
22781
19254
12003
12547
23877
60966
13983
17841
35636
16859
224664
158446
12218
11037
17972
16590
12770
17443
12489
44395
15805
10200
29653
15837
12056
102271
27197
21943
18356
10520
10653
12220
11076
123251
15317
16244
23597
118445
12585
12159
12502
13878
10467
34007
30969
10167
70412
10180
31001
13498
10199
11472
24488
16591
10096
33430
19711
14590
12875

MS
MA
SB
MS
DV
Anonymous
VM
TK
MA
FGH

114268
81203
47092
36242
33680
26263
19458
19145
12302
11938
results end here -------------------------------------------------------
