results start here -------------------------------------------------------
33963713
21435084
14354820
6994755
5719239
1413113
940931
0
0
0
0

138
63
20
28
14
25
0
0
0
0

102
52
16
21
14
11
0
0
0
0

67
33
9
17
10
4
0
0
0
0

1
2
3
4
5
6
0
0
0
0
PROCESSING SQUADS DONE
************************************************************************
***    "Team CloudBot"
************************************************************************
ADD these members to the sheet
3307492
2236652
1762894
357155
614537
479163
338829
258977
163737
1110309
347932
226272
102505
570723
-1
56084
354326
-1
321452
18907
42259
100803
132729
38480
73274
17296
9476
27754
603
54342
17106
15051
20167
66174
272
54404
4674
361
61105
0
13615
0
132
0
16531
5899
3999
0
4552
1866
0
0
0
0
9196
0
703
12890
0
0
0
8685
3367
68
200
0
0
23568
0
0
349792
42262
22270
243
113076
1792819
0
869222
376994
75862
49058
0
8239
0
2096
-1
1295
12190
29548
10826
5390
0
0
1501423
28651
879
21859
3367
58255
18
175521
561145
32024
934
0
0
7496
6343
8
0
0
-1
44927
17024
39141
693
0
0
144614
1843
0
0
159384
47092
148233
0
9703
35055
672838
8713
0
5962
382909
46958
25250
9950
0
0
0
0

SB
Anonymous

6091
0
************************************************************************
***    "All for Nash"
************************************************************************
ADD these members to the sheet
5684594
597031
459424
178841
1554070
53049
131297
39189
41211
1129
1390
0
12
0
108103
0
188576
137562
69939
21378
0
5878
168732
0
1447453
231814
255
29968
29569
10062
-1
93
12438
0
571
291089
138916
599
0
382
0
0
303133
16139
32984
8556
73
-1
63704
7567
112703
1096
6844
1347981
629024
93134
65328
2215
0
10047
8012
4692
4089
2859

Anonymous

0
************************************************************************
***    "The Trading Club"
************************************************************************
ADD these members to the sheet
4788786
100369
547284
45891
372799
16462
0
1705
0
0
966051
116975
345
28
7562
7138
412
22218
721
0


************************************************************************
***    "Team Fabibi"
************************************************************************
ADD these members to the sheet
-1
292546
72826
115741
19643
94370
117101
47763
48813
15112
12451
20008
1809
28002
0
255204
0
0
3350
192
57223
0
0
26
-1
4428626
0
0
40880
47542


************************************************************************
***    "The Nashians "
************************************************************************
ADD these members to the sheet
40641
14015
-1
168777
115819
15045
63419
253
17330
4441
-1
68
659473
4673
42596
266558


************************************************************************
***    "Gunbot Team"
************************************************************************
ADD these members to the sheet
708766
8150
3100
1297
1315
145458
0
0
4999
0
13617
0
50025
0
2029
0
0
2171
0
0
0

Anonymous
Anonymous
Anonymous
Anonymous

0
0
0
0
************************************************************************
***    "Solo"
************************************************************************
ADD these members to the sheet
gamemar77
5684594
4788786
3307492
-1
1347981
2236652
1762894
869222
40641
357155
614537
47092
188576
597031
459424
659473
479163
338829
130798
292546
672838
14015
178841
258977
-1
163737
72826
1110309
231814
347932
226272
291089
629024
102505
28193
1792819
708766
52865
1554070
137562
354326
376994
113076
75862
570723
1447453
17106
168777
117101
175521
94370
116975
29548
19643
58255
35055
561145
48813
63419
148233
547284
255204
-1
12167
100369
53049
108103
131297
115819
15256
12190
15045
29968
-1
168202
14037
166001
42262
16462
23568
47763
54342
54404
-1
321452
29569
303133
145458
100803
72121
1501423
60105
65328
138916
69939
27269
39189
45891
35622
372799
966051
972391
28651
168732
50025
115741
42259
10826
32024
132729
85589
63704
40880
40264
93134
41211
73274
38500
46958
28745
66174
57223
22218
19697
21859
10465
18907
22232
382909
47542
56084
21378
42072
27754
38480
4428626
16139
12438
-1
349792
44927
39141
29303
10959
20167
16531
12519
30406
159384
61105
15051
17296
15112
266558
12909
42596
20008
32984
439319
19458
19926
144614
13840
21686
12890
14590
17024
20689
12778
15036
112703
15895
14471
13617
12451
13996
49058
13359
12066
12003
10062
13615
25250
11284
10047

SB
DV
MS
TK

30048
28002
22270
17330
results end here -------------------------------------------------------
