results start here -------------------------------------------------------
46280289
28704484
18477574
9327666
6701665
2298000
1012452
0
0
0
0

138
63
20
28
14
25
0
0
0
0

105
52
16
22
14
11
0
0
0
0

75
38
9
18
10
4
0
0
0
0

1
2
3
4
5
6
0
0
0
0
PROCESSING SQUADS DONE
************************************************************************
***    "Team CloudBot"
************************************************************************
ADD these members to the sheet
4250376
3098763
2260112
467498
1130121
710040
353601
295200
194175
1114999
454841
282336
102505
783944
-1
56406
385164
-1
850710
21230
58684
164020
222741
54888
76301
22622
16295
27793
603
79040
18163
19611
26195
67084
487
81525
8077
361
104817
0
22563
0
1258
0
30738
10681
22937
0
4552
1866
0
0
0
0
14631
0
703
12890
36
0
0
8685
3367
68
200
0
0
23568
0
0
615557
49243
31622
243
159381
2714597
0
869222
405194
75862
58384
0
9565
0
2096
-1
1295
12190
-1
10844
8404
0
0
1501423
28651
879
47492
3367
60996
18
300299
844055
32024
960
0
0
9474
14337
8
0
0
-1
44927
21309
49782
693
0
0
232143
2938
0
0
161017
47092
218514
0
29013
35055
1148119
10520
1321
7106
631636
71996
49876
14511
0
3192
0
0
29653

SB
Anonymous

6269
0
************************************************************************
***    "All for Nash"
************************************************************************
ADD these members to the sheet
7005993
812315
671221
191428
1866326
65431
203749
47222
41211
2644
1390
0
12
0
127080
0
188576
373284
83080
31647
0
5878
180299
0
2120346
376555
436
29968
32836
10618
-1
238
13330
0
571
387055
219979
898
0
382
0
0
477349
19079
32984
12489
89
-1
99188
14084
112703
1096
11076
1355173
869546
249566
80544
2215
0
14599
10519
10199
6989
6065

Anonymous

0
************************************************************************
***    "The Trading Club"
************************************************************************
ADD these members to the sheet
6216566
132734
707969
52870
753141
18361
0
3834
0
0
1243768
145844
3899
271
7562
7232
673
31678
1256
0


************************************************************************
***    "Team Fabibi"
************************************************************************
ADD these members to the sheet
-1
301672
90485
132175
19667
118040
134065
56271
59827
18036
16883
20490
3108
30673
0
458530
0
137
3350
12585
68038
0
0
26
-1
5065549
0
0
41619
50428


************************************************************************
***    "The Nashians "
************************************************************************
ADD these members to the sheet
41125
14555
-1
173496
145109
16507
63424
722
18535
6438
-1
68
1339815
8017
53928
416253


************************************************************************
***    "Gunbot Team"
************************************************************************
ADD these members to the sheet
710731
9319
3149
1297
3029
202736
0
0
5335
0
14536
0
58115
0
2029
0
0
2171
0
0
0

Anonymous
Anonymous
Anonymous
Anonymous

0
0
0
0
************************************************************************
***    "Solo"
************************************************************************
ADD these members to the sheet
7005993
6216566
4250376
-1
1355173
3098763
2260112
869222
41125
467498
1130121
47092
188576
812315
671221
1339815
710040
353601
226346
301672
1148119
14555
191428
295200
-1
194175
90485
1114999
376555
454841
282336
387055
869546
102505
28217
2714597
710731
329092
1866326
373284
385164
405194
159381
75862
783944
2120346
18163
173496
134065
300299
118040
145844
-1
19667
60996
35055
844055
59827
63424
218514
707969
458530
-1
12167
132734
65431
127080
203749
145109
15256
12190
16507
29968
-1
168202
14037
243595
49243
18361
23568
56271
79040
81525
-1
850710
32836
477349
202736
164020
155559
1501423
98315
80544
219979
83080
48864
47222
52870
40042
753141
1243768
972391
28651
180299
58115
132175
58684
10844
32024
222741
154262
99188
41619
40264
249566
41211
76301
50306
71996
28745
67084
68038
31678
19697
47492
10465
21230
30304
631636
50428
56406
31647
53853
27793
54888
5065549
19079
13330
-1
615557
44927
49782
88189
17221
26195
30738
12519
66403
161017
104817
19611
22622
18036
416253
53053
53928
20490
32984
-1
19458
35865
232143
13840
21686
12890
19428
21309
27006
12778
17968
112703
27880
18230
14536
16883
38632
58384
22781
19254
12003
10618
22563
49876
11284
14599
29013
14511
224664
31642
12160
11037
16295
16590
11801
17443
12489
35156
14631
10200
29653
14084
12056
81722
27197
21943
18356
10520
10653
11666
11076
28282
15317
14189
22937
29137
12585
12159
10519
10681
10199
14337
12800
10167
14997

MA
SB
MS
MS
DV
Anonymous
TK
VM
FGH
MA

68403
44695
44276
31622
30673
21537
18535
16487
11938
11699
results end here -------------------------------------------------------
