results start here -------------------------------------------------------
58478002
34146562
23427149
11431769
7781602
2984461
1077468
0
0
0
0

138
63
20
28
14
25
0
0
0
0

106
52
17
23
14
12
0
0
0
0

77
39
10
18
10
4
0
0
0
0

1
2
3
4
5
6
0
0
0
0
PROCESSING SQUADS DONE
************************************************************************
***    "Team CloudBot"
************************************************************************
ADD these members to the sheet
5308263
3778712
2433597
601446
1561688
949856
356598
295200
232064
1119487
546901
311242
102505
1005976
-1
56406
385164
-1
1195219
22148
84742
204459
311690
71904
195478
27456
20942
27793
603
102724
19444
23773
32793
177412
959
103720
9632
361
161113
0
27276
0
1645
0
42948
18656
24315
1403
4552
1866
0
0
0
0
15805
0
703
12890
36
0
0
8685
3890
68
200
0
0
27516
0
0
953294
49243
39617
243
159778
2833838
0
869222
442756
75862
65587
0
10090
0
2096
-1
1295
12190
-1
10844
10180
0
0
1501423
28651
879
73922
3367
61900
18
396230
896599
32024
960
0
0
9917
67965
8
0
0
-1
44927
28733
61818
4627
0
0
276672
4035
0
0
161384
47092
264316
0
48265
35055
1416264
10520
3723
7106
858310
101476
72063
19088
0
3192
0
0
29653

SB
Anonymous

6269
0
************************************************************************
***    "All for Nash"
************************************************************************
ADD these members to the sheet
8993770
1029007
882766
191428
2004114
68760
240136
52282
41211
2644
1390
0
12
0
133559
0
188576
504159
103217
35554
0
7398
207548
0
2613138
552977
436
30127
32836
17127
-1
238
13330
0
571
473859
282466
12165
0
407
0
0
675634
19206
32984
12489
89
-1
118256
18558
112703
1096
11076
1360475
1113736
1088571
81203
2215
0
19742
13627
10467
8744
9043

Anonymous

0
************************************************************************
***    "The Trading Club"
************************************************************************
ADD these members to the sheet
7785608
167361
826894
56346
1118737
19646
0
3834
0
0
1246262
145844
6000
1567
7562
11904
791
31678
1366
360


************************************************************************
***    "Team Fabibi"
************************************************************************
ADD these members to the sheet
-1
301770
92931
133348
19732
129494
137884
65773
73166
18064
18989
20490
4009
33680
0
463316
164
137
3350
12633
68038
0
0
44
-1
6089568
0
0
41619
53393


************************************************************************
***    "The Nashians "
************************************************************************
ADD these members to the sheet
41125
15129
-1
173496
215605
16538
66624
752
19340
8189
-1
68
1895422
9956
53928
468282


************************************************************************
***    "Gunbot Team"
************************************************************************
ADD these members to the sheet
712486
9319
3149
1297
7465
247434
0
0
8112
1832
16558
0
65610
0
2029
0
0
2171
0
0
0

Anonymous
Anonymous
Anonymous
Anonymous

0
0
0
0
************************************************************************
***    "Solo"
************************************************************************
ADD these members to the sheet
8993770
7785608
5308263
-1
1360475
3778712
2433597
869222
41125
601446
1561688
84955
188576
1029007
882766
1895422
949856
356598
330257
301770
1416264
15129
191428
295200
-1
232064
92931
1119487
552977
546901
311242
473859
1113736
102505
28477
2833838
712486
1468256
2004114
504159
385164
442756
159778
75862
1005976
2613138
19444
173496
137884
396230
129494
145844
-1
19732
61900
35055
896599
73166
66624
264316
826894
463316
-1
12167
167361
68760
133559
240136
215605
15256
12190
16538
30127
-1
168202
14133
351110
49243
19646
27516
65773
102724
103720
-1
1195219
32836
675634
247434
204459
171315
1501423
98315
139962
282466
103217
95535
52282
56346
42356
1118737
1246262
972391
28651
207548
65610
133348
84742
10844
32024
311690
176407
118256
41619
40264
1088571
41211
195478
55246
101476
28745
177412
68038
31678
19697
73922
11326
22148
30304
858310
53393
56406
35554
53853
27793
71904
6089568
19206
13330
-1
953294
44927
61818
88189
17246
32793
42948
12519
265657
161384
161113
23773
27456
18064
468282
67866
53928
20490
32984
-1
39070
51018
276672
13840
21686
12890
19428
28733
27006
12778
18904
112703
27880
18783
16558
18989
99167
65587
27545
19254
12003
17127
27276
72063
13983
19742
48265
19088
224664
158446
14875
11037
20942
16590
14751
23649
12489
62030
15805
10200
29653
18558
13917
102271
27197
26427
27760
10520
10653
13782
11076
123251
21187
19139
24315
118445
12633
12159
13627
18656
10467
67965
30969
12576
98299
10180
31001
16579
10199
11472
24488
26754
10096
152259
19711
72176
101912
14114
16881
18202
163588
10090
11904
14026
12165

MS
PA
MA
SB
MS
DV
Anonymous
VM
TK
MA
FGH

223505
82030
81203
47092
39617
33680
26377
19458
19340
14709
11938
results end here -------------------------------------------------------
