results start here -------------------------------------------------------
25062448
14515733
8457450
4388009
3879700
1050667
880122
0
0
0
0

123
49
18
27
14
24
0
0
0
0

91
39
14
20
13
10
0
0
0
0

56
26
9
15
10
3
0
0
0
0

1
2
3
4
5
6
0
0
0
0
PROCESSING SQUADS DONE
************************************************************************
***    "Team CloudBot"
************************************************************************
ADD these members to the sheet
2486601
1629817
1125126
253602
329100
333662
285835
212048
120350
1075449
261050
147154
94822
344510
-1
42634
264869
-1
103830
15359
27012
52037
81943
18909
54863
11843
6512
19272
450
41771
17106
11558
13560
51050
232
34565
3150
361
18497
0
1537
0
132
0
12785
2460
3487
0
4552
1824
0
0
0
0
3785
0
703
8582
0
0
0
3819
3348
68
0
0
0
23568
0
0
150474
26050
7804
243
66667
1335842
0
865980
308851
75862
3211
0
5891
0
2096
-1
1295
12190
29548
10826
2974
0
0
1153862
28651
879
16927
3367
43872
18
113287
286627
31180
713
0
0
7496
5899
8
0
0
-1
44695
8318
30942
613
0
0
24960
556
0
0
40201
106
105546
0

Anonymous

0
************************************************************************
***    "All for Nash"
************************************************************************
ADD these members to the sheet
3843662
437147
319925
138269
1127642
43227
118310
29089
30833
1129
414
0
12
0
58341
0
159477
101712
60331
17911
0
5878
145365
0
1108918
145803
255
29968
20816
9597
-1
93
11212
0
450
193301
68080
599
0
382
0
0
153550
13297
15797
8556
73
96
37914

Anonymous

0
************************************************************************
***    "The Trading Club"
************************************************************************
ADD these members to the sheet
3476192
66281
374323
33448
115908
15413
0
865
0
0
179903
96990
345
0
7562
5787
68
14918


************************************************************************
***    "Team Fabibi"
************************************************************************
ADD these members to the sheet
-1
228956
49581
22933
18652
81670
107814
33019
42948
10801
8740
14200
1333
28002
0
209211
0
0
1069
192
28211
0
0
21
-1
2954894
0
0
37444


************************************************************************
***    "The Nashians "
************************************************************************
ADD these members to the sheet
40641
14015
-1
144459
67846
15045
62414
0
16606
3040
-1
68
499591
2936
29495
154506


************************************************************************
***    "Gunbot Team"
************************************************************************
ADD these members to the sheet
707131
8150
2885
276
257
106775
0
0
4336
0
7693
0
40586
0
2029
0
0
0
0
0

Anonymous
Anonymous
Anonymous
Anonymous

0
0
0
0
************************************************************************
***    "Solo"
************************************************************************
ADD these members to the sheet
3843662
3476192
2486601
-1
1161620
1629817
1125126
865980
40641
253602
329100
30048
159477
437147
319925
499591
333662
285835
104126
228956
345951
14015
138269
212048
-1
120350
49581
1075449
145803
261050
147154
193301
437469
94822
28193
1335842
707131
52865
1127642
101712
264869
308851
66667
75862
344510
1108918
17106
144459
107814
113287
81670
96990
29548
18652
43872
34653
286627
42948
62414
105546
374323
209211
-1
12167
66281
43227
58341
118310
67846
15256
12190
15045
29968
-1
168202
14037
101441
26050
15413
23568
33019
41771
34565
-1
103830
20816
153550
106775
52037
12216
1153862
28087
51235
68080
60331
17775
29089
33448
33547
115908
179903
972391
28651
145365
40586
22933
27012
10826
31180
81943
48833
37914
37444
40264
74881
30833
54863
29653
29607
28745
51050
28211
14918
19697
16927
10465
15359
22232
140969
33424
42634
17911
15093
19272
18909
2954894
13297
11212
-1
150474
44695
30942
14274
10959
13560
12785
12519
30406
40201
18497
11558
11843
10801
154506
12909
29495
14200
15797
439319
19458
16995
24960
13840

DV
TK

28002
16606
results end here -------------------------------------------------------
