results start here -------------------------------------------------------
23742054
13714338
7519425
4054421
3710906
1006791
860530
0
0
0
0

123
46
18
27
14
24
0
0
0
0

91
36
14
20
13
10
0
0
0
0

56
25
9
15
10
3
0
0
0
0

1
2
3
4
5
6
0
0
0
0
PROCESSING SQUADS DONE
************************************************************************
***    "Team CloudBot"
************************************************************************
ADD these members to the sheet
2304829
1582331
1066998
227910
285449
322321
282167
189701
120350
993412
253338
140439
80605
333884
-1
35734
249209
-1
90513
14759
25565
47847
74494
17009
52331
11444
5717
11998
450
40667
17106
11558
13139
49085
232
30232
3150
361
16444
0
1318
0
132
0
12785
2449
3487
0
4552
1824
0
0
0
0
2265
0
703
8582
0
0
0
795
3348
68
0
0
0
23568
0
0
126084
24248
7441
243
64175
1305052
0
865980
299248
75862
3211
0
5891
0
2096
-1
1295
12190
29548
10826
2825
0
0
1074806
28651
879
16360
3367
42777
18
103767
268596
31180
713
0
0
7496
4121
8
0
0
-1
44695
7720
30942
613
0
0
17278
556
0
0
24005
106
100775
0

Anonymous

0
************************************************************************
***    "All for Nash"
************************************************************************
ADD these members to the sheet
3333980
383233
311083
122421
1054462
36777
110807
26867
29996
1129
414
0
12
0
55982
0
155163
93655
54853
17694
0
1580
136013
0
1026192
135460
255
29968
20816
9585
-1
93
11212
0
372
185304
62093
599
0
382
0
0
78643
13297
10461
8556

Anonymous

0
************************************************************************
***    "The Trading Club"
************************************************************************
ADD these members to the sheet
3239860
63317
362918
30771
106270
15413
0
865
0
0
109904
96990
345
0
7562
5357
68
14775


************************************************************************
***    "Team Fabibi"
************************************************************************
ADD these members to the sheet
-1
221909
49581
22933
18452
76453
106818
31870
41384
10649
8456
12922
1333
27392
0
209211
0
0
997
192
24949
0
0
21
-1
2812122
0
0
33253


************************************************************************
***    "The Nashians "
************************************************************************
ADD these members to the sheet
40641
14015
-1
135786
65971
15045
62414
0
16606
2861
-1
68
487867
2768
20295
142449


************************************************************************
***    "Gunbot Team"
************************************************************************
ADD these members to the sheet
701251
3225
2068
94
257
102777
0
0
3683
0
7393
0
38130
0
1647
0
0
0
0
0

Anonymous
Anonymous
Anonymous
Anonymous

0
0
0
0
************************************************************************
***    "Solo"
************************************************************************
ADD these members to the sheet
3333980
3239860
2304829
-1
1145809
1582331
1066998
865980
40641
227910
285449
30048
155163
383233
311083
487867
322321
282167
104126
221909
314397
14015
122421
189701
-1
120350
49581
993412
135460
253338
140439
185304
416564
80605
28193
1305052
701251
52865
1054462
93655
249209
299248
64175
75862
333884
1026192
17106
135786
106818
103767
76453
96990
29548
18452
42777
34653
268596
41384
62414
100775
362918
209211
-1
12167
63317
36777
55982
110807
65971
15256
12190
15045
29968
-1
168202
14037
95962
24248
15413
23568
31870
40667
30232
-1
90513
20816
78643
102777
47847
12216
1074806
28087
45921
62093
54853
17010
26867
30771
29420
106270
109904
972391
28651
136013
38130
22933
25565
10826
31180
74494
39319
34416
33253
40264
57309
29996
52331
28501
27318
28745
49085
24949
14775
19697
16360
10465
14759
22232
121485
33223
35734
17694
13240
11998
17009
2812122
13297
11212
-1
126084
44695
30942
14274
10348
13139
12785
12519
30406
24005
16444
11558
11444
10649
142449
12909
20295
12922
10461
439319
19458
16995
17278

DV
TK

27392
16606
results end here -------------------------------------------------------
