results start here -------------------------------------------------------
57530487
33713402
23159487
11288129
7669266
2917222
1065129
0
0
0
0

138
63
20
28
14
25
0
0
0
0

106
52
16
23
14
12
0
0
0
0

77
38
10
18
10
4
0
0
0
0

1
2
3
4
5
6
0
0
0
0
PROCESSING SQUADS DONE
************************************************************************
***    "Team CloudBot"
************************************************************************
ADD these members to the sheet
5217105
3722980
2433597
591243
1546961
934820
356598
295200
222822
1119487
540824
309833
102505
987619
-1
56406
385164
-1
1171591
22148
79735
201206
301485
69425
194770
27050
19277
27793
603
100768
19444
23289
31091
167793
959
95427
9632
361
158641
0
25709
0
1645
0
39792
18275
24315
1403
4552
1866
0
0
0
0
15805
0
703
12890
36
0
0
8685
3890
68
200
0
0
27516
0
0
930257
49243
39301
243
159778
2833838
0
869222
435901
75862
63850
0
10090
0
2096
-1
1295
12190
-1
10844
10180
0
0
1501423
28651
879
71394
3367
61900
18
377349
896599
32024
960
0
0
9731
57949
8
0
0
-1
44927
28733
61818
4627
0
0
272607
3834
0
0
161384
47092
253837
0
42950
35055
1416264
10520
3723
7106
814728
96116
70648
18823
0
3192
0
0
29653

SB
Anonymous

6269
0
************************************************************************
***    "All for Nash"
************************************************************************
ADD these members to the sheet
8938302
1021210
864168
191428
1981063
68760
235664
52282
41211
2644
1390
0
12
0
131636
0
188576
500668
101598
35395
0
7398
203847
0
2546207
544232
436
30127
32836
15333
-1
238
13330
0
571
465882
273960
9168
0
407
0
0
675634
19206
32984
12489
89
-1
117530
18197
112703
1096
11076
1358373
1096253
1059499
81203
2215
0
19503
13493
10467
8571
8902

Anonymous

0
************************************************************************
***    "The Trading Club"
************************************************************************
ADD these members to the sheet
7693921
163755
812827
56346
1085706
19646
0
3834
0
0
1246262
145844
6000
1204
7562
11472
697
31678
1366
0


************************************************************************
***    "Team Fabibi"
************************************************************************
ADD these members to the sheet
-1
301770
92931
133348
19732
125353
137884
64910
68158
18064
18917
20490
3969
33680
0
463316
164
137
3350
12585
68038
0
0
44
-1
5987403
0
0
41619
53393


************************************************************************
***    "The Nashians "
************************************************************************
ADD these members to the sheet
41125
15129
-1
173496
212705
16538
66003
733
19340
7936
-1
68
1838026
9908
53928
462280


************************************************************************
***    "Gunbot Team"
************************************************************************
ADD these members to the sheet
712486
9319
3149
1297
6801
239497
0
0
6413
1832
16558
0
63572
0
2029
0
0
2171
0
0
0

Anonymous
Anonymous
Anonymous
Anonymous

0
0
0
0
************************************************************************
***    "Solo"
************************************************************************
ADD these members to the sheet
8938302
7693921
5217105
-1
1358373
3722980
2433597
869222
41125
591243
1546961
83132
188576
1021210
864168
1838026
934820
356598
330257
301770
1416264
15129
191428
295200
-1
222822
92931
1119487
544232
540824
309833
465882
1096253
102505
28477
2833838
712486
1305175
1981063
500668
385164
435901
159778
75862
987619
2546207
19444
173496
137884
377349
125353
145844
-1
19732
61900
35055
896599
68158
66003
253837
812827
463316
-1
12167
163755
68760
131636
235664
212705
15256
12190
16538
30127
-1
168202
14037
341745
49243
19646
27516
64910
100768
95427
-1
1171591
32836
675634
239497
201206
171315
1501423
98315
139962
273960
101598
95172
52282
56346
42356
1085706
1246262
972391
28651
203847
63572
133348
79735
10844
32024
301485
176407
117530
41619
40264
1059499
41211
194770
55246
96116
28745
167793
68038
31678
19697
71394
11326
22148
30304
814728
53393
56406
35395
53853
27793
69425
5987403
19206
13330
-1
930257
44927
61818
88189
17246
31091
39792
12519
265657
161384
158641
23289
27050
18064
462280
67866
53928
20490
32984
-1
28498
49302
272607
13840
21686
12890
19428
28733
27006
12778
18904
112703
27880
18230
16558
18917
99167
63850
22781
19254
12003
15333
25709
70648
13983
19503
42950
18823
224664
158446
14875
11037
19277
16590
14751
23649
12489
58196
15805
10200
29653
18197
13917
102271
27197
26427
27760
10520
10653
13782
11076
123251
21187
18980
24315
118445
12585
12159
13493
18275
10467
57949
30969
12576
96647
10180
31001
16579
10199
11472
24488
26754
10096
136359
19711
72176
85265
14114
16881
18202
129128
10090
11472

MS
MA
PA
SB
MS
DV
Anonymous
VM
TK
MA
FGH

189373
81203
65105
47092
39301
33680
26377
19458
19340
14709
11938
results end here -------------------------------------------------------
