results start here -------------------------------------------------------
23831321
13767953
7577457
4075185
3723280
1010569
860864
0
0
0
0

123
46
18
27
14
24
0
0
0
0

91
36
14
20
13
10
0
0
0
0

56
25
9
15
10
3
0
0
0
0

1
2
3
4
5
6
0
0
0
0
PROCESSING SQUADS DONE
************************************************************************
***    "Team CloudBot"
************************************************************************
ADD these members to the sheet
2318257
1582381
1077289
229904
285624
322815
282216
191536
120350
995265
253995
141216
80605
334374
-1
36174
249756
-1
92865
14759
25715
47926
75159
17109
52390
11458
5717
11998
450
40692
17106
11558
13237
49135
232
31277
3150
361
16797
0
1318
0
132
0
12785
2449
3487
0
4552
1824
0
0
0
0
2412
0
703
8582
0
0
0
795
3348
68
0
0
0
23568
0
0
127395
24248
7441
243
64374
1307646
0
865980
299784
75862
3211
0
5891
0
2096
-1
1295
12190
29548
10826
2825
0
0
1077787
28651
879
16434
3367
42975
18
108790
268596
31180
713
0
0
7496
4121
8
0
0
-1
44695
7720
30942
613
0
0
17950
556
0
0
24702
106
101883
0

Anonymous

0
************************************************************************
***    "All for Nash"
************************************************************************
ADD these members to the sheet
3374860
383233
311083
122421
1065545
36777
111622
27239
30268
1129
414
0
12
0
56102
0
156656
93860
54900
17838
0
1580
137292
0
1026706
135957
255
29968
20816
9585
-1
93
11212
0
372
185453
62253
599
0
382
0
0
78643
13297
10461
8556

Anonymous

0
************************************************************************
***    "The Trading Club"
************************************************************************
ADD these members to the sheet
3258491
63446
363621
30801
106584
15413
0
865
0
0
110701
96990
345
0
7562
5502
68
14789


************************************************************************
***    "Team Fabibi"
************************************************************************
ADD these members to the sheet
-1
222638
49581
22933
18452
78218
107116
31981
41774
10746
8456
13007
1333
27392
0
209211
0
0
1069
192
24949
0
0
21
-1
2820950
0
0
33253


************************************************************************
***    "The Nashians "
************************************************************************
ADD these members to the sheet
40641
14015
-1
136434
66400
15045
62414
0
16606
2873
-1
68
490169
2804
20295
142800


************************************************************************
***    "Gunbot Team"
************************************************************************
ADD these members to the sheet
701251
3225
2068
94
257
102777
0
0
3683
0
7393
0
38374
0
1736
0
0
0
0
0

Anonymous
Anonymous
Anonymous
Anonymous

0
0
0
0
************************************************************************
***    "Solo"
************************************************************************
ADD these members to the sheet
3374860
3258491
2318257
-1
1149923
1582381
1077289
865980
40641
229904
285624
30048
156656
383233
311083
490169
322815
282216
104126
222638
315778
14015
122421
191536
-1
120350
49581
995265
135957
253995
141216
185453
417966
80605
28193
1307646
701251
52865
1065545
93860
249756
299784
64374
75862
334374
1026706
17106
136434
107116
108790
78218
96990
29548
18452
42975
34653
268596
41774
62414
101883
363621
209211
-1
12167
63446
36777
56102
111622
66400
15256
12190
15045
29968
-1
168202
14037
96331
24248
15413
23568
31981
40692
31277
-1
92865
20816
78643
102777
47926
12216
1077787
28087
46400
62253
54900
17010
27239
30801
29420
106584
110701
972391
28651
137292
38374
22933
25715
10826
31180
75159
39319
34491
33253
40264
57309
30268
52390
28501
27437
28745
49135
24949
14789
19697
16434
10465
14759
22232
121738
33223
36174
17838
13240
11998
17109
2820950
13297
11212
-1
127395
44695
30942
14274
10348
13237
12785
12519
30406
24702
16797
11558
11458
10746
142800
12909
20295
13007
10461
439319
19458
16995
17950

DV
TK

27392
16606
results end here -------------------------------------------------------
