results start here -------------------------------------------------------
66805231
38228797
26543165
13073849
8151606
3475264
1104180
0
0
0
0

138
63
20
28
14
25
0
0
0
0

107
52
17
24
14
12
0
0
0
0

80
39
11
18
12
4
0
0
0
0

1
2
3
4
5
6
0
0
0
0
PROCESSING SQUADS DONE
************************************************************************
***    "Team CloudBot"
************************************************************************
ADD these members to the sheet
6151144
4356826
2433597
721671
1809428
1157861
357577
295200
325688
1148427
624671
341059
102505
1248210
-1
56406
385164
-1
1321516
25297
109402
234007
402003
81654
203671
28975
25311
27793
603
124497
19444
26736
41310
190465
1809
111687
10077
361
203247
0
37827
0
1645
0
47219
18675
26855
1403
4552
1866
0
0
0
0
15805
0
703
12890
36
0
0
8685
6656
68
200
0
971
32094
0
0
1239030
49243
43210
243
159778
3025381
0
869222
506974
75862
70133
0
11587
0
2096
-1
1295
12190
-1
10844
10180
0
0
1501423
28651
879
105050
3367
63089
18
486904
916109
32024
1161
0
0
10874
91963
8
0
0
-1
44927
29529
72776
16217
0
0
313601
5215
0
0
161384
47092
335997
0
56283
35055
1474575
11003
4203
7106
1076687
115031
108502
22212
0
3192
0
0
29653

SB
Anonymous

6269
0
************************************************************************
***    "All for Nash"
************************************************************************
ADD these members to the sheet
10291594
1089067
1022983
191428
2138923
76460
262890
53571
41211
2644
1390
0
152
0
137275
0
188576
697456
107132
39359
0
7409
364913
0
2769747
646987
635
30127
32836
20770
-1
238
13330
0
571
542580
311033
20330
0
7688
0
0
855705
30036
32984
12489
546
-1
127504
22071
112703
1096
11076
1488551
1317834
1264815
83305
2215
0
24843
14881
10467
9251
9462

Anonymous

0
************************************************************************
***    "The Trading Club"
************************************************************************
ADD these members to the sheet
8958791
202223
906779
56346
1459891
19646
0
3834
0
0
1247807
146083
10034
2633
7562
17897
791
31678
1485
360


************************************************************************
***    "Team Fabibi"
************************************************************************
ADD these members to the sheet
-1
301770
108200
135213
19732
131896
141650
71001
74664
18198
19097
20733
4172
33885
0
581485
164
983
3350
12633
68038
0
12
44
-1
6300577
0
0
50491
53608


************************************************************************
***    "The Nashians "
************************************************************************
ADD these members to the sheet
47476
15670
-1
173549
237128
16538
66624
780
19340
10154
-1
68
2315842
11176
66053
494859


************************************************************************
***    "Gunbot Team"
************************************************************************
ADD these members to the sheet
712486
9319
3149
1297
8973
268352
0
0
8112
3856
16558
0
67872
0
2029
0
0
2171
0
0
0

Anonymous
Anonymous
Anonymous
Anonymous

0
0
0
0
************************************************************************
***    "Solo"
************************************************************************
ADD these members to the sheet
PCE
10291594
8958791
6151144
-1
1488551
4356826
2433597
869222
47476
721671
1809428
119743
188576
1089067
1022983
2315842
1157861
357577
365807
301770
1474575
15670
191428
295200
-1
325688
108200
1148427
646987
624671
341059
542580
1317834
102505
28477
3025381
712486
2318852
2138923
697456
385164
506974
159778
75862
1248210
2769747
19444
173549
141650
486904
131896
146083
-1
19732
63089
35055
916109
74664
66624
335997
906779
581485
-1
12167
202223
76460
137275
262890
237128
15256
12190
16538
30127
-1
168202
15560
431480
49243
19646
32094
71001
124497
111687
-1
1321516
32836
855705
268352
234007
189491
1501423
98315
139962
311033
107132
108636
53571
56346
44681
1459891
1247807
1052707
28651
364913
67872
135213
109402
10844
32024
402003
198549
127504
50491
40264
1264815
41211
203671
66400
115031
68637
190465
68038
31678
19697
105050
11326
25297
30304
1076687
53608
56406
39359
53853
27793
81654
6300577
30036
13330
-1
1239030
44927
72776
88189
17246
41310
47219
13042
265657
161384
203247
26736
28975
18198
494859
82843
66053
20733
32984
-1
39070
54862
313601
13840
21686
12890
19428
29529
27006
12778
20807
112703
27880
18783
16558
19097
121790
70133
27545
29729
12003
20770
37827
108502
13983
24843
56283
22212
224664
161456
19979
22231
25311
34764
16718
29858
12489
96577
15805
13441
29653
22071
14779
102271
27471
26427
101197
11003
11424
15840
11076
123251
32132
19753
26855
118455
12633
12159
14881
18675
10467
91963
31067
12576
138252
10180
31001
24008
10199
14206
24488
26754
11037
186469
40883
72176
144636
25610
16881
18202
277699
11587
17897
14026
20330
22402
15089
50262
12632
11323
10874
32593
10077
11176
13546
16217
10547
13623
11278
10954
10034
12932
10154

MS
PA
MA
SB
MS
DV
Anonymous
FGH
VM
TK
MA
GB

242712
107412
83305
47092
43210
33885
26377
23879
19458
19340
14709
12793
results end here -------------------------------------------------------
