results start here -------------------------------------------------------
32472539
20185946
13570119
6573936
5533612
1344628
934276
0
0
0
0

138
63
20
28
14
25
0
0
0
0

102
52
16
21
14
11
0
0
0
0

66
32
9
17
10
4
0
0
0
0

1
2
3
4
5
6
0
0
0
0
PROCESSING SQUADS DONE
************************************************************************
***    "Team CloudBot"
************************************************************************
ADD these members to the sheet
3140072
2162667
1553942
338031
552050
460643
326563
247567
161887
1105669
331097
202418
102505
551803
-1
56084
336478
-1
186159
18907
39177
92536
116136
35157
72414
15472
9022
27754
450
52430
17106
13535
18984
64867
272
54404
4535
361
52017
0
10347
0
132
0
16531
5747
3999
0
4552
1866
0
0
0
0
8703
0
703
12890
0
0
0
8685
3348
68
98
0
0
23568
0
0
296221
38345
21374
243
98809
1713614
0
869222
365593
75862
48346
0
8239
0
2096
-1
1295
12190
29548
10826
5390
0
0
1501423
28651
879
21067
3367
56211
18
164309
541776
32024
934
0
0
7496
6343
8
0
0
-1
44695
15330
37548
693
0
0
124146
1699
0
0
154641
30646
139667
0
9703
35055
588242
8713
0
5962
336982
45132
8571
8254
0
0
0
0

SB
Anonymous

6091
0
************************************************************************
***    "All for Nash"
************************************************************************
ADD these members to the sheet
5323611
556413
433111
149347
1482333
49068
129551
38520
41211
1129
1390
0
12
0
105570
0
188576
131153
69939
21378
0
5878
167396
0
1347962
210577
255
29968
26579
10062
-1
93
11633
0
510
275023
126540
599
0
382
0
0
303133
13297
32984
8556
73
-1
57427
7492
88209
1096
2507
1342657
590641
91263
65026
2215
0
8625
7482
4692
4089
2859

Anonymous

0
************************************************************************
***    "The Trading Club"
************************************************************************
ADD these members to the sheet
4537964
97509
515950
45891
317310
16462
0
1705
0
0
886757
116975
345
28
7562
7138
221
21391
721
0


************************************************************************
***    "Team Fabibi"
************************************************************************
ADD these members to the sheet
-1
276603
69161
71465
19643
91267
115508
44845
48813
14942
11538
20008
1802
28002
0
255204
0
0
3350
192
57223
0
0
26
-1
4317307
0
0
39161
47542


************************************************************************
***    "The Nashians "
************************************************************************
ADD these members to the sheet
40641
14015
-1
168777
103200
15045
63419
253
16606
4321
-1
68
631546
4433
42596
239702


************************************************************************
***    "Gunbot Team"
************************************************************************
ADD these members to the sheet
708766
8150
3100
1297
1291
138904
0
0
4978
0
13617
0
49969
0
2029
0
0
2171
0
0
0

Anonymous
Anonymous
Anonymous
Anonymous

0
0
0
0
************************************************************************
***    "Solo"
************************************************************************
ADD these members to the sheet
5323611
4537964
3140072
-1
1342657
2162667
1553942
869222
40641
338031
552050
30646
188576
556413
433111
631546
460643
326563
125228
276603
588242
14015
149347
247567
-1
161887
69161
1105669
210577
331097
202418
275023
590641
102505
28193
1713614
708766
52865
1482333
131153
336478
365593
98809
75862
551803
1347962
17106
168777
115508
164309
91267
116975
29548
19643
56211
35055
541776
48813
63419
139667
515950
255204
-1
12167
97509
49068
105570
129551
103200
15256
12190
15045
29968
-1
168202
14037
157987
38345
16462
23568
44845
52430
54404
-1
186159
26579
303133
138904
92536
50513
1501423
60105
65026
126540
69939
24076
38520
45891
35622
317310
886757
972391
28651
167396
49969
71465
39177
10826
32024
116136
80429
57427
39161
40264
91263
41211
72414
38500
45132
28745
64867
57223
21391
19697
21067
10465
18907
22232
336982
47542
56084
21378
40684
27754
35157
4317307
13297
11633
-1
296221
44695
37548
29303
10959
18984
16531
12519
30406
154641
52017
13535
15472
14942
239702
12909
42596
20008
32984
439319
19458
16995
124146
13840
21686
12890
14590
15330
20689
12778
14919
88209
15895
14471
13617
11538
13996
48346
13359
11261
12003
10062
10347

SB
DV
MS
TK

30048
28002
21374
16606
results end here -------------------------------------------------------
