results start here -------------------------------------------------------
51737321
31436230
21197721
10578073
7373083
2516548
1034380
0
0
0
0

138
63
20
28
14
25
0
0
0
0

106
52
16
23
14
12
0
0
0
0

76
38
9
18
10
4
0
0
0
0

1
2
3
4
5
6
0
0
0
0
PROCESSING SQUADS DONE
************************************************************************
***    "Team CloudBot"
************************************************************************
ADD these members to the sheet
4808941
3429940
2369379
515480
1416166
849450
356598
295200
208693
1114999
497332
296532
102505
906369
-1
56406
385164
-1
1026303
22148
67800
182918
262449
63205
79297
24795
17972
27793
603
90772
18163
21467
28469
68561
749
84494
8802
361
129084
0
23877
0
1258
0
35239
13653
23597
328
4552
1866
0
0
0
0
15653
0
703
12890
36
0
0
8685
3682
68
200
0
0
27516
0
0
770825
49243
35934
243
159778
2818282
0
869222
412986
75862
60411
0
9900
0
2096
-1
1295
12190
-1
10844
10180
0
0
1501423
28651
879
59686
3367
60996
18
340030
859688
32024
960
0
0
9474
32896
8
0
0
-1
44927
25188
54839
1127
0
0
254040
3217
0
0
161303
47092
234295
0
35537
35055
1381781
10520
3723
7106
701317
80714
60070
16664
0
3192
0
0
29653

SB
Anonymous

6269
0
************************************************************************
***    "All for Nash"
************************************************************************
ADD these members to the sheet
8297889
870361
769340
191428
1924988
65627
222353
52105
41211
2644
1390
0
12
0
129572
0
188576
472297
87273
33359
0
5878
186659
0
2326952
468069
436
30127
32836
11969
-1
238
13330
0
571
425764
250530
4451
0
382
0
0
617631
19079
32984
12489
89
-1
110295
15550
112703
1096
11076
1355173
995130
666735
81203
2215
0
17606
12337
10467
7615
7606

Anonymous

0
************************************************************************
***    "The Trading Club"
************************************************************************
ADD these members to the sheet
7177604
152288
774964
54033
950857
18851
0
3834
0
0
1244530
145844
5694
787
7562
7499
673
31678
1366
0


************************************************************************
***    "Team Fabibi"
************************************************************************
ADD these members to the sheet
-1
301770
92931
132175
19667
122011
136761
59890
61492
18064
18580
20490
3470
33079
0
463316
164
137
3350
12585
68038
0
0
26
-1
5710471
0
0
41619
52988


************************************************************************
***    "The Nashians "
************************************************************************
ADD these members to the sheet
41125
14721
-1
173496
168633
16507
63424
722
18535
7156
-1
68
1514224
9201
53928
434800


************************************************************************
***    "Gunbot Team"
************************************************************************
ADD these members to the sheet
711445
9319
3149
1297
4462
219292
0
0
6112
1832
14536
0
58731
0
2029
0
0
2171
0
0
0

Anonymous
Anonymous
Anonymous
Anonymous

0
0
0
0
************************************************************************
***    "Solo"
************************************************************************
ADD these members to the sheet
8297889
7177604
4808941
-1
1355173
3429940
2369379
869222
41125
515480
1416166
59519
188576
870361
769340
1514224
849450
356598
226346
301770
1381781
14721
191428
295200
-1
208693
92931
1114999
468069
497332
296532
425764
995130
102505
28272
2818282
711445
880865
1924988
472297
385164
412986
159778
75862
906369
2326952
18163
173496
136761
340030
122011
145844
-1
19667
60996
35055
859688
61492
63424
234295
774964
463316
-1
12167
152288
65627
129572
222353
168633
15256
12190
16507
30127
-1
168202
14037
278277
49243
18851
27516
59890
90772
84494
-1
1026303
32836
617631
219292
182918
168905
1501423
98315
139962
250530
87273
83513
52105
54033
40042
950857
1244530
972391
28651
186659
58731
132175
67800
10844
32024
262449
154262
110295
41619
40264
666735
41211
79297
50306
80714
28745
68561
68038
31678
19697
59686
10465
22148
30304
701317
52988
56406
33359
53853
27793
63205
5710471
19079
13330
-1
770825
44927
54839
88189
17221
28469
35239
12519
225654
161303
129084
21467
24795
18064
434800
53053
53928
20490
32984
-1
25984
44343
254040
13840
21686
12890
19428
25188
27006
12778
18904
112703
27880
18230
14536
18580
74164
60411
22781
19254
12003
11969
23877
60070
12225
17606
35537
16664
224664
158446
12175
11037
17972
16590
12770
17443
12489
44395
15653
10200
29653
15550
12056
102271
27197
21943
18356
10520
10653
11719
11076
123251
15317
16244
23597
72823
12585
12159
12337
13653
10467
32896
30969
10167
62352
10180
31001
13498
10199
11472
24488
14705
10096

MA
MS
SB
MS
DV
Anonymous
VM
TK
FGH
MA

81203
59072
47092
35934
33079
26263
19458
18535
11938
11699
results end here -------------------------------------------------------
