results start here -------------------------------------------------------
28249214
17024351
11848556
5453976
4357547
1208689
895643
0
0
0
0

138
63
20
28
14
25
0
0
0
0

102
51
15
21
13
11
0
0
0
0

63
31
9
17
10
4
0
0
0
0

1
2
3
4
5
6
0
0
0
0
PROCESSING SQUADS DONE
************************************************************************
***    "Team CloudBot"
************************************************************************
ADD these members to the sheet
2773465
1779930
1266779
281066
425787
383984
298093
228237
132970
1105669
279731
170518
94822
456077
-1
49158
290487
-1
125590
15851
31949
66194
94240
26769
62472
13949
8081
26885
450
45910
17106
11986
15779
58983
232
45725
3591
361
27585
0
1990
0
132
0
12785
4578
3890
0
4552
1866
0
0
0
0
5106
0
703
12890
0
0
0
8685
3348
68
98
0
0
23568
0
0
195590
30432
13198
243
79770
1479674
0
869222
331661
75862
4804
0
6806
0
2096
-1
1295
12190
29548
10826
3841
0
0
1287930
28651
879
18134
3367
48778
18
133769
409912
32024
882
0
0
7496
6343
8
0
0
-1
44695
11756
37425
693
0
0
49748
916
0
0
81287
4096
113766
0
2520
35055
428038
8145
0
5154
223944
37088
6953
6952
0
0
0
0

SB
Anonymous

106
0
************************************************************************
***    "All for Nash"
************************************************************************
ADD these members to the sheet
4582189
513806
375305
146668
1274426
46936
129551
37233
35385
1129
414
0
12
0
77273
0
188576
118073
69939
18834
0
5878
157558
0
1245745
171023
255
29968
24090
9933
-1
93
11212
0
510
229770
89204
599
0
382
0
0
214450
13297
20828
8556
73
-1
44632
7122
33904
1096
0
1257863
489949
81036
57272
2215
0
7681
6097
4692
3464
2332

Anonymous

0
************************************************************************
***    "The Trading Club"
************************************************************************
ADD these members to the sheet
3936160
72523
427548
41606
159495
15413
0
865
0
0
654606
115550
345
0
7562
6437
221
14918
721
0


************************************************************************
***    "Team Fabibi"
************************************************************************
ADD these members to the sheet
-1
246313
57838
25707
18652
90155
111508
36858
43242
13207
10641
16655
1434
28002
0
255204
0
0
1659
192
40272
0
0
21
-1
3284435
0
0
39123
36419


************************************************************************
***    "The Nashians "
************************************************************************
ADD these members to the sheet
40641
14015
-1
168777
81683
15045
63419
0
16606
3435
-1
68
569423
3571
39134
192867


************************************************************************
***    "Gunbot Team"
************************************************************************
ADD these members to the sheet
707408
8150
3100
276
593
108992
0
0
4418
0
11577
0
46924
0
2029
0
0
2171
0
0
0

Anonymous
Anonymous
Anonymous
Anonymous

0
0
0
0
************************************************************************
***    "Solo"
************************************************************************
ADD these members to the sheet
4582189
3936160
2773465
-1
1257863
1779930
1266779
869222
40641
281066
425787
30048
188576
513806
375305
569423
383984
298093
114020
246313
428038
14015
146668
228237
-1
132970
57838
1105669
171023
279731
170518
229770
489949
94822
28193
1479674
707408
52865
1274426
118073
290487
331661
79770
75862
456077
1245745
17106
168777
111508
133769
90155
115550
29548
18652
48778
35055
409912
43242
63419
113766
427548
255204
-1
12167
72523
46936
77273
129551
81683
15256
12190
15045
29968
-1
168202
14037
125512
30432
15413
23568
36858
45910
45725
-1
125590
24090
214450
108992
66194
17067
1287930
48025
57272
89204
69939
21084
37233
41606
35622
159495
654606
972391
28651
157558
46924
25707
31949
10826
32024
94240
75072
44632
39123
40264
81036
35385
62472
34898
37088
28745
58983
40272
14918
19697
18134
10465
15851
22232
223944
36419
49158
18834
15402
26885
26769
3284435
13297
11212
-1
195590
44695
37425
17066
10959
15779
12785
12519
30406
81287
27585
11986
13949
13207
192867
12909
39134
16655
20828
439319
19458
16995
49748
13840
21686
12890
14590
11756
20689
12778
13202
33904
15895
12604
11577
10641

DV
TK
MS

28002
16606
13198
results end here -------------------------------------------------------
