results start here -------------------------------------------------------
42349340
26599832
16944039
8713716
6385088
2040913
1001113
0
0
0
0

138
63
20
28
14
25
0
0
0
0

105
52
16
22
14
11
0
0
0
0

73
36
9
17
10
4
0
0
0
0

1
2
3
4
5
6
0
0
0
0
PROCESSING SQUADS DONE
************************************************************************
***    "Team CloudBot"
************************************************************************
ADD these members to the sheet
3895010
2896173
2100929
444336
936096
632573
351202
295200
187950
1114999
426042
270587
102505
729573
-1
56406
385164
-1
707433
19817
53525
145873
193931
52504
76071
21420
14067
27793
603
74273
18163
18187
25053
67084
487
76411
6627
361
90046
0
21996
0
1258
0
30738
9789
10522
0
4552
1866
0
0
0
0
14579
0
703
12890
36
0
0
8685
3367
68
200
0
0
23568
0
0
523745
49243
29287
243
158184
2387434
0
869222
405111
75862
58355
0
9242
0
2096
-1
1295
12190
-1
10844
7590
0
0
1501423
28651
879
42198
3367
60996
18
283578
813578
32024
960
0
0
9474
6343
8
0
0
-1
44927
19913
45452
693
0
0
215802
2938
0
0
159601
47092
203758
0
29013
35055
986926
10520
1296
7106
582927
66402
45088
13535
0
3192
0
0
29548

SB
Anonymous

6269
0
************************************************************************
***    "All for Nash"
************************************************************************
ADD these members to the sheet
6250095
730413
641267
191428
1832027
63794
194601
45155
41211
2644
1390
0
12
0
125953
0
188576
285135
82429
28681
0
5878
179669
0
1947122
323398
436
29968
32836
10108
-1
238
13330
0
571
366377
192828
599
0
382
0
0
436316
19079
32984
12489
89
-1
87879
13011
112703
1096
11076
1353283
774865
153555
80209
2215
0
13596
9991
9140
6403
5484

Anonymous

0
************************************************************************
***    "The Trading Club"
************************************************************************
ADD these members to the sheet
5742115
127836
665515
51679
679528
17462
0
3664
0
0
1243768
130960
2670
110
7562
7232
673
31678
1256
0


************************************************************************
***    "Team Fabibi"
************************************************************************
ADD these members to the sheet
-1
301672
87211
132175
19643
116941
132457
56271
59827
18036
16126
20129
2939
30673
0
407004
0
137
3350
255
68038
0
0
26
-1
4820119
0
0
41619
50428


************************************************************************
***    "The Nashians "
************************************************************************
ADD these members to the sheet
41125
14387
-1
173496
124876
16476
63419
493
18535
5960
-1
68
1144398
7456
48060
382157


************************************************************************
***    "Gunbot Team"
************************************************************************
ADD these members to the sheet
710646
9319
3149
1297
2969
192183
0
0
4999
0
14536
0
57809
0
2029
0
0
2171
0
0
0

Anonymous
Anonymous
Anonymous
Anonymous

0
0
0
0
************************************************************************
***    "Solo"
************************************************************************
ADD these members to the sheet
6250095
5742115
3895010
-1
1353283
2896173
2100929
869222
41125
444336
936096
47092
188576
730413
641267
1144398
632573
351202
226346
301672
986926
14387
191428
295200
-1
187950
87211
1114999
323398
426042
270587
366377
774865
102505
28217
2387434
710646
150420
1832027
285135
385164
405111
158184
75862
729573
1947122
18163
173496
132457
283578
116941
130960
-1
19643
60996
35055
813578
59827
63419
203758
665515
407004
-1
12167
127836
63794
125953
194601
124876
15256
12190
16476
29968
-1
168202
14037
211140
49243
17462
23568
56271
74273
76411
-1
707433
32836
436316
192183
145873
107295
1501423
98315
80209
192828
82429
48864
45155
51679
40042
679528
1243768
972391
28651
179669
57809
132175
53525
10844
32024
193931
154262
87879
41619
40264
153555
41211
76071
46739
66402
28745
67084
68038
31678
19697
42198
10465
19817
22232
582927
50428
56406
28681
53853
27793
52504
4820119
19079
13330
-1
523745
44927
45452
55317
17221
25053
30738
12519
66403
159601
90046
18187
21420
18036
382157
46044
48060
20129
32984
-1
19458
23349
215802
13840
21686
12890
19428
19913
27006
12778
16421
112703
27880
18230
14536
16126
37634
58355
19635
19254
12003
10108
21996
45088
11284
13596
29013
13535
224664
31642
12160
11037
14067
16590
11801
13649
12489
33253
14579
10200
29548
13011
11839
57870
27197
21943
18346
10520
10653
11666
11076
28282
15317
10827
10522

MA
SB
MS
DV
MS
TK
Anonymous
FGH
MA

68403
44695
39584
30673
29287
18535
15442
11938
11699
results end here -------------------------------------------------------
