results start here -------------------------------------------------------
34115892
21564821
14426101
7055471
5723978
1414367
941103
0
0
0
0

138
63
20
28
14
25
0
0
0
0

102
52
16
21
14
11
0
0
0
0

69
33
9
17
10
4
0
0
0
0

1
2
3
4
5
6
0
0
0
0
PROCESSING SQUADS DONE
************************************************************************
***    "Team CloudBot"
************************************************************************
ADD these members to the sheet
3320744
2260282
1781000
357330
618837
487057
338829
265219
166072
1110309
348743
227551
102505
573139
-1
56084
356938
-1
329867
18907
42359
101486
134352
38875
73421
17323
9604
27754
603
55311
17106
15131
20382
66619
272
54404
4694
361
61405
0
13843
0
132
0
16970
5918
3999
0
4552
1866
0
0
0
0
9246
0
703
12890
0
0
0
8685
3367
68
200
0
0
23568
0
0
355417
42812
22270
243
114061
1798437
0
869222
377333
75862
49058
0
8239
0
2096
-1
1295
12190
29548
10826
5487
0
0
1501423
28651
879
22007
3367
58498
18
177319
561145
32024
934
0
0
7496
6343
8
0
0
-1
44927
17121
39141
693
0
0
145596
1843
0
0
159384
47092
149602
0
10385
35055
683215
8713
0
5962
385379
47253
25847
10080
0
0
0
0

SB
Anonymous

6091
0
************************************************************************
***    "All for Nash"
************************************************************************
ADD these members to the sheet
5684991
606947
470585
179265
1575721
53402
134179
39499
41211
1129
1390
0
12
0
108221
0
188576
137562
69939
21535
0
5878
168860
0
1465411
232200
255
29968
29945
10062
-1
93
12438
0
571
291338
139192
599
0
382
0
0
303133
16139
32984
8556
73
-1
63915
7567
112703
1096
6844
1348153
632998
93134
65328
2215
0
10164
8078
4692
4089
2859

Anonymous

0
************************************************************************
***    "The Trading Club"
************************************************************************
ADD these members to the sheet
4826682
100861
549811
45891
377428
16462
0
1705
0
0
980909
116975
345
28
7562
7138
483
22462
721
0


************************************************************************
***    "Team Fabibi"
************************************************************************
ADD these members to the sheet
-1
293761
72826
116917
19643
94564
117200
48049
48813
15269
12499
20008
1809
28002
0
255204
0
0
3350
192
57223
0
0
26
-1
4430192
0
0
40880
47542


************************************************************************
***    "The Nashians "
************************************************************************
ADD these members to the sheet
40641
14015
-1
168777
115894
15045
63419
253
17330
4488
-1
68
660447
4696
42596
266692


************************************************************************
***    "Gunbot Team"
************************************************************************
ADD these members to the sheet
708766
8150
3100
1297
1480
145458
0
0
4999
0
13617
0
50032
0
2029
0
0
2171
0
0
0

Anonymous
Anonymous
Anonymous
Anonymous

0
0
0
0
************************************************************************
***    "Solo"
************************************************************************
ADD these members to the sheet
AMC
yuncoe
5684991
4826682
3320744
-1
1348153
2260282
1781000
869222
40641
357330
618837
47092
188576
606947
470585
660447
487057
338829
130798
293761
683215
14015
179265
265219
-1
166072
72826
1110309
232200
348743
227551
291338
632998
102505
28193
1798437
708766
52865
1575721
137562
356938
377333
114061
75862
573139
1465411
17106
168777
117200
177319
94564
116975
29548
19643
58498
35055
561145
48813
63419
149602
549811
255204
-1
12167
100861
53402
108221
134179
115894
15256
12190
15045
29968
-1
168202
14037
166377
42812
16462
23568
48049
55311
54404
-1
329867
29945
303133
145458
101486
72121
1501423
60105
65328
139192
69939
27269
39499
45891
35622
377428
980909
972391
28651
168860
50032
116917
42359
10826
32024
134352
85589
63915
40880
40264
93134
41211
73421
38500
47253
28745
66619
57223
22462
19697
22007
10465
18907
22232
385379
47542
56084
21535
42382
27754
38875
4430192
16139
12438
-1
355417
44927
39141
29303
10959
20382
16970
12519
30406
159384
61405
15131
17323
15269
266692
12909
42596
20008
32984
439319
19458
19926
145596
13840
21686
12890
14590
17121
20689
12778
15036
112703
15895
14471
13617
12499
13996
49058
13359
12066
12003
10062
13843
25847
11284
10164
10385
10080

SB
DV
MS
TK

30048
28002
22270
17330
results end here -------------------------------------------------------
