results start here -------------------------------------------------------
58346462
34074435
23375063
11404066
7776903
2975308
1074500
0
0
0
0

138
63
20
28
14
25
0
0
0
0

106
52
17
23
14
12
0
0
0
0

77
39
10
18
10
4
0
0
0
0

1
2
3
4
5
6
0
0
0
0
PROCESSING SQUADS DONE
************************************************************************
***    "Team CloudBot"
************************************************************************
ADD these members to the sheet
5294831
3768099
2433597
600964
1560073
948256
356598
295200
230643
1119487
545593
311091
102505
1004361
-1
56406
385164
-1
1190219
22148
83541
204007
310166
71468
195478
27375
20942
27793
603
102470
19444
23773
32234
177150
959
102741
9632
361
160423
0
27004
0
1645
0
42121
18656
24315
1403
4552
1866
0
0
0
0
15805
0
703
12890
36
0
0
8685
3890
68
200
0
0
27516
0
0
948654
49243
39617
243
159778
2833838
0
869222
441242
75862
65587
0
10090
0
2096
-1
1295
12190
-1
10844
10180
0
0
1501423
28651
879
73501
3367
61900
18
391605
896599
32024
960
0
0
9731
65450
8
0
0
-1
44927
28733
61818
4627
0
0
276248
4035
0
0
161384
47092
261781
0
46559
35055
1416264
10520
3723
7106
850916
100081
72063
19088
0
3192
0
0
29653

SB
Anonymous

6269
0
************************************************************************
***    "All for Nash"
************************************************************************
ADD these members to the sheet
8989454
1025109
882766
191428
1999903
68760
239733
52282
41211
2644
1390
0
12
0
133328
0
188576
504159
103217
35554
0
7398
206676
0
2612266
550202
436
30127
32836
16783
-1
238
13330
0
571
472004
281091
12165
0
407
0
0
675634
19206
32984
12489
89
-1
118256
18528
112703
1096
11076
1360308
1112113
1059499
81203
2215
0
19742
13627
10467
8705
9043

Anonymous

0
************************************************************************
***    "The Trading Club"
************************************************************************
ADD these members to the sheet
7767788
166738
824952
56346
1111667
19646
0
3834
0
0
1246262
145844
6000
1506
7562
11718
791
31678
1366
360


************************************************************************
***    "Team Fabibi"
************************************************************************
ADD these members to the sheet
-1
301770
92931
133348
19732
129494
137884
65637
72674
18064
18989
20490
4009
33680
0
463316
164
137
3350
12585
68038
0
0
44
-1
6085545
0
0
41619
53393


************************************************************************
***    "The Nashians "
************************************************************************
ADD these members to the sheet
41125
15129
-1
173496
214920
16538
66624
752
19340
8129
-1
68
1888318
9956
53928
466978


************************************************************************
***    "Gunbot Team"
************************************************************************
ADD these members to the sheet
712486
9319
3149
1297
7465
246671
0
0
6413
1832
16558
0
65104
0
2029
0
0
2171
0
0
0

Anonymous
Anonymous
Anonymous
Anonymous

0
0
0
0
************************************************************************
***    "Solo"
************************************************************************
ADD these members to the sheet
BWR
FH
8989454
7767788
5294831
-1
1360308
3768099
2433597
869222
41125
600964
1560073
84955
188576
1025109
882766
1888318
948256
356598
330257
301770
1416264
15129
191428
295200
-1
230643
92931
1119487
550202
545593
311091
472004
1112113
102505
28477
2833838
712486
1468256
1999903
504159
385164
441242
159778
75862
1004361
2612266
19444
173496
137884
391605
129494
145844
-1
19732
61900
35055
896599
72674
66624
261781
824952
463316
-1
12167
166738
68760
133328
239733
214920
15256
12190
16538
30127
-1
168202
14133
348489
49243
19646
27516
65637
102470
102741
-1
1190219
32836
675634
246671
204007
171315
1501423
98315
139962
281091
103217
95535
52282
56346
42356
1111667
1246262
972391
28651
206676
65104
133348
83541
10844
32024
310166
176407
118256
41619
40264
1059499
41211
195478
55246
100081
28745
177150
68038
31678
19697
73501
11326
22148
30304
850916
53393
56406
35554
53853
27793
71468
6085545
19206
13330
-1
948654
44927
61818
88189
17246
32234
42121
12519
265657
161384
160423
23773
27375
18064
466978
67866
53928
20490
32984
-1
39070
51018
276248
13840
21686
12890
19428
28733
27006
12778
18904
112703
27880
18783
16558
18989
99167
65587
27545
19254
12003
16783
27004
72063
13983
19742
46559
19088
224664
158446
14875
11037
20942
16590
14751
23649
12489
61466
15805
10200
29653
18528
13917
102271
27197
26427
27760
10520
10653
13782
11076
123251
21187
19139
24315
118445
12585
12159
13627
18656
10467
65450
30969
12576
98185
10180
31001
16579
10199
11472
24488
26754
10096
149425
19711
72176
99077
14114
16881
18202
158313
10090
11718
14026
12165

MS
MA
PA
SB
MS
DV
Anonymous
VM
TK
MA
FGH

212971
81203
78668
47092
39617
33680
26377
19458
19340
14709
11938
results end here -------------------------------------------------------
