results start here -------------------------------------------------------
29229962
17842941
12364809
5741161
4594764
1222146
901248
0
0
0
0

138
63
20
28
14
25
0
0
0
0

102
52
15
21
13
11
0
0
0
0

63
31
9
17
10
4
0
0
0
0

1
2
3
4
5
6
0
0
0
0
PROCESSING SQUADS DONE
************************************************************************
***    "Team CloudBot"
************************************************************************
ADD these members to the sheet
2892789
1878442
1331938
291932
458001
403771
303612
238478
139773
1105669
289483
176430
94822
494874
-1
52343
295746
-1
128004
16251
33745
71362
98004
28528
66177
14593
8705
27028
450
47839
17106
11986
16257
60210
232
46624
3591
361
29717
0
4253
0
132
0
12785
5065
3890
0
4552
1866
0
0
0
0
5541
0
703
12890
0
0
0
8685
3348
68
98
0
0
23568
0
0
222680
35213
14481
243
83840
1575718
0
869222
343608
75862
6012
0
6806
0
2096
-1
1295
12190
29548
10826
4357
0
0
1329839
28651
879
18614
3367
49226
18
137961
477887
32024
882
0
0
7496
6343
8
0
0
-1
44695
11756
37548
693
0
0
58705
916
0
0
101289
6091
115479
0
2520
35055
462292
8170
0
5573
248962
38713
7345
7475
0
0
0
0

SB
Anonymous

106
0
************************************************************************
***    "All for Nash"
************************************************************************
ADD these members to the sheet
4853486
523337
389476
147848
1330151
46936
129551
37772
37876
1129
414
0
12
0
79652
0
188576
119487
69939
19363
0
5878
160288
0
1278461
181452
255
29968
25549
9933
-1
93
11212
0
510
240536
95105
599
0
382
0
0
214450
13297
25457
8556
73
-1
46355
7167
45330
1096
1313
1284649
528281
86016
59837
2215
0
7978
6493
4692
3739
2562

Anonymous

0
************************************************************************
***    "The Trading Club"
************************************************************************
ADD these members to the sheet
4083204
74829
456092
43660
187715
15413
0
865
0
0
732644
116485
345
0
7562
6481
221
14918
721
0


************************************************************************
***    "Team Fabibi"
************************************************************************
ADD these members to the sheet
-1
249097
64563
35505
18652
90155
112307
38006
44317
13549
10849
18338
1560
28002
0
255204
0
0
1659
192
44638
0
0
26
-1
3489537
0
0
39161
39436


************************************************************************
***    "The Nashians "
************************************************************************
ADD these members to the sheet
40641
14015
-1
168777
83408
15045
63419
0
16606
3447
-1
68
574230
3702
39366
199415


************************************************************************
***    "Gunbot Team"
************************************************************************
ADD these members to the sheet
707408
8150
3100
276
593
114526
0
0
4418
0
11577
0
46994
0
2029
0
0
2171
0
0
0

Anonymous
Anonymous
Anonymous
Anonymous

0
0
0
0
************************************************************************
***    "Solo"
************************************************************************
ADD these members to the sheet
4853486
4083204
2892789
-1
1284649
1878442
1331938
869222
40641
291932
458001
30048
188576
523337
389476
574230
403771
303612
114020
249097
462292
14015
147848
238478
-1
139773
64563
1105669
181452
289483
176430
240536
528281
94822
28193
1575718
707408
52865
1330151
119487
295746
343608
83840
75862
494874
1278461
17106
168777
112307
137961
90155
116485
29548
18652
49226
35055
477887
44317
63419
115479
456092
255204
-1
12167
74829
46936
79652
129551
83408
15256
12190
15045
29968
-1
168202
14037
137989
35213
15413
23568
38006
47839
46624
-1
128004
25549
214450
114526
71362
17067
1329839
48025
59837
95105
69939
21084
37772
43660
35622
187715
732644
972391
28651
160288
46994
35505
33745
10826
32024
98004
75072
46355
39161
40264
86016
37876
66177
36097
38713
28745
60210
44638
14918
19697
18614
10465
16251
22232
248962
39436
52343
19363
18499
27028
28528
3489537
13297
11212
-1
222680
44695
37548
23412
10959
16257
12785
12519
30406
101289
29717
11986
14593
13549
199415
12909
39366
18338
25457
439319
19458
16995
58705
13840
21686
12890
14590
11756
20689
12778
14278
45330
15895
12604
11577
10849
11442

DV
TK
MS

28002
16606
14481
results end here -------------------------------------------------------
