results start here -------------------------------------------------------
59258463
34443148
23713121
11537942
7894831
3010637
1082617
0
0
0
0

138
63
20
28
14
25
0
0
0
0

106
52
17
23
14
12
0
0
0
0

77
39
10
18
10
4
0
0
0
0

1
2
3
4
5
6
0
0
0
0
PROCESSING SQUADS DONE
************************************************************************
***    "Team CloudBot"
************************************************************************
ADD these members to the sheet
5360641
3830815
2433597
612761
1583965
955263
356598
295200
237593
1119487
552706
314116
102505
1012843
-1
56406
385164
-1
1205904
22148
85695
207573
321492
73493
195768
27859
22353
27793
603
104009
19444
24839
32978
180825
959
106483
9804
361
164124
0
28252
0
1645
0
43852
18675
24463
1403
4552
1866
0
0
0
0
15805
0
703
12890
36
0
0
8685
3890
68
200
0
0
32094
0
0
972282
49243
39617
243
159778
2833838
0
869222
446650
75862
65587
0
10090
0
2096
-1
1295
12190
-1
10844
10180
0
0
1501423
28651
879
74708
3367
61900
18
401646
896599
32024
960
0
0
9917
71931
8
0
0
-1
44927
28733
61818
4627
0
0
279948
4035
0
0
161384
47092
275681
0
49571
35055
1416264
10520
3723
7106
888534
104682
74573
19415
0
3192
0
0
29653

SB
Anonymous

6269
0
************************************************************************
***    "All for Nash"
************************************************************************
ADD these members to the sheet
9050433
1029007
896125
191428
2011933
68760
242526
52282
41211
2644
1390
0
12
0
134171
0
188576
504159
103217
36235
0
7398
209826
0
2651610
562845
436
30127
32836
17671
-1
238
13330
0
571
478449
285742
12771
0
407
0
0
737703
19206
32984
12489
89
-1
118581
18976
112703
1096
11076
1362876
1123967
1156881
81392
2215
0
20039
13792
10467
8979
9219

Anonymous

0
************************************************************************
***    "The Trading Club"
************************************************************************
ADD these members to the sheet
7862502
168688
835472
56346
1137424
19646
0
3834
0
0
1246262
145844
6000
1689
7562
12469
791
31678
1366
360


************************************************************************
***    "Team Fabibi"
************************************************************************
ADD these members to the sheet
-1
301770
92931
135213
19732
131743
137884
66253
73758
18064
19097
20733
4024
33680
0
551968
164
137
3350
12633
68038
0
0
44
-1
6108594
0
0
41619
53393


************************************************************************
***    "The Nashians "
************************************************************************
ADD these members to the sheet
41125
15129
-1
173496
218783
16538
66624
752
19340
8298
-1
68
1917487
9956
53928
469106


************************************************************************
***    "Gunbot Team"
************************************************************************
ADD these members to the sheet
712486
9319
3149
1297
7888
251711
0
0
8112
1832
16558
0
66059
0
2029
0
0
2171
0
0
0

Anonymous
Anonymous
Anonymous
Anonymous

0
0
0
0
************************************************************************
***    "Solo"
************************************************************************
ADD these members to the sheet
9050433
7862502
5360641
-1
1362876
3830815
2433597
869222
41125
612761
1583965
84955
188576
1029007
896125
1917487
955263
356598
339225
301770
1416264
15129
191428
295200
-1
237593
92931
1119487
562845
552706
314116
478449
1123967
102505
28477
2833838
712486
1671902
2011933
504159
385164
446650
159778
75862
1012843
2651610
19444
173496
137884
401646
131743
145844
-1
19732
61900
35055
896599
73758
66624
275681
835472
551968
-1
12167
168688
68760
134171
242526
218783
15256
12190
16538
30127
-1
168202
14133
359936
49243
19646
32094
66253
104009
106483
-1
1205904
32836
737703
251711
207573
171315
1501423
98315
139962
285742
103217
101440
52282
56346
42356
1137424
1246262
972391
28651
209826
66059
135213
85695
10844
32024
321492
176407
118581
41619
40264
1156881
41211
195768
55246
104682
28745
180825
68038
31678
19697
74708
11326
22148
30304
888534
53393
56406
36235
53853
27793
73493
6108594
19206
13330
-1
972282
44927
61818
88189
17246
32978
43852
12519
265657
161384
164124
24839
27859
18064
469106
67866
53928
20733
32984
-1
39070
52654
279948
13840
21686
12890
19428
28733
27006
12778
18904
112703
27880
18783
16558
19097
99167
65587
27545
23528
12003
17671
28252
74573
13983
20039
49571
19415
224664
158446
17899
11037
22353
16590
14751
23649
12489
63293
15805
10200
29653
18976
13917
102271
27197
26427
27760
10520
10653
13992
11076
123251
26352
19139
24463
118445
12633
12159
13792
18675
10467
71931
30969
12576
101205
10180
31001
20935
10199
11472
24488
26754
10096
159727
19711
72176
112066
14114
16881
18202
192666
10090
12469
14026
12771

MS
PA
MA
SB
MS
DV
Anonymous
VM
TK
MA
FGH

228150
89762
81392
47092
39617
33680
26377
19458
19340
14709
11938
results end here -------------------------------------------------------
