results start here -------------------------------------------------------
39362179
24696242
15738527
8117128
6168006
1803321
978854
0
0
0
0

138
63
20
28
14
25
0
0
0
0

103
52
16
22
14
11
0
0
0
0

72
35
9
17
10
4
0
0
0
0

1
2
3
4
5
6
0
0
0
0
PROCESSING SQUADS DONE
************************************************************************
***    "Team CloudBot"
************************************************************************
ADD these members to the sheet
3666706
2679514
2000439
415547
825538
565080
344677
295200
181513
1114999
405978
262171
102505
659085
-1
56084
385164
-1
592298
18907
49111
130925
178707
49399
74248
20532
13266
27793
603
69509
17106
18028
23520
67084
409
72249
5287
361
80314
0
20591
0
1258
0
27112
6916
8052
0
4552
1866
0
0
0
0
12201
0
703
12890
0
0
0
8685
3367
68
200
0
0
23568
0
0
461544
49243
28138
243
145026
1969690
0
869222
405111
75862
58271
0
8597
0
2096
-1
1295
12190
-1
10826
7014
0
0
1501423
28651
879
29659
3367
60996
18
253078
764432
32024
960
0
0
9474
6343
8
0
0
-1
44927
19316
41752
693
0
0
193065
2779
0
0
159601
47092
193435
0
23236
35055
841539
10520
0
7106
527357
58714
40811
12622
0
3192
0
0
29548

SB
Anonymous

6269
0
************************************************************************
***    "All for Nash"
************************************************************************
ADD these members to the sheet
5716895
718854
594880
184872
1769146
61087
177337
42869
41211
1129
1390
0
12
0
124272
0
188576
137562
80886
25680
0
5878
177740
0
1828294
277270
436
29968
32836
10108
-1
238
12884
0
571
346761
172965
599
0
382
0
0
404823
19079
32984
12489
73
-1
79747
10992
112703
1096
8227
1349070
724521
101128
74590
2215
0
12707
9495
8080
5971
4924

Anonymous

0
************************************************************************
***    "The Trading Club"
************************************************************************
ADD these members to the sheet
5393788
119811
618641
50368
590311
17462
0
3664
0
0
1157380
116975
1142
110
7562
7232
673
30744
1256
0


************************************************************************
***    "Team Fabibi"
************************************************************************
ADD these members to the sheet
-1
301579
77484
132175
19643
114327
127769
56271
58464
17434
15246
20008
2355
29736
0
356053
0
137
3350
255
67142
0
0
26
-1
4676830
0
0
41284
50428


************************************************************************
***    "The Nashians "
************************************************************************
ADD these members to the sheet
41125
14387
-1
171949
123932
16476
63419
253
18535
5517
-1
68
956350
6488
42596
342219


************************************************************************
***    "Gunbot Team"
************************************************************************
ADD these members to the sheet
710555
9319
3149
1297
2393
172211
0
0
4999
0
14536
0
56189
0
2029
0
0
2171
0
0
0

Anonymous
Anonymous
Anonymous
Anonymous

0
0
0
0
************************************************************************
***    "Solo"
************************************************************************
ADD these members to the sheet
5716895
5393788
3666706
-1
1349070
2679514
2000439
869222
41125
415547
825538
47092
188576
718854
594880
956350
565080
344677
159924
301579
841539
14387
184872
295200
-1
181513
77484
1114999
277270
405978
262171
346761
724521
102505
28217
1969690
710555
52865
1769146
137562
385164
405111
145026
75862
659085
1828294
17106
171949
127769
253078
114327
116975
-1
19643
60996
35055
764432
58464
63419
193435
618641
356053
-1
12167
119811
61087
124272
177337
123932
15256
12190
16476
29968
-1
168202
14037
194550
49243
17462
23568
56271
69509
72249
-1
592298
32836
404823
172211
130925
105837
1501423
93446
74590
172965
80886
40784
42869
50368
40042
590311
1157380
972391
28651
177740
56189
132175
49111
10826
32024
178707
154104
79747
41284
40264
101128
41211
74248
45572
58714
28745
67084
67142
30744
19697
29659
10465
18907
22232
527357
50428
56084
25680
53853
27793
49399
4676830
19079
12884
-1
461544
44927
41752
49725
16644
23520
27112
12519
66403
159601
80314
18028
20532
17434
342219
46044
42596
20008
32984
-1
19458
19926
193065
13840
21686
12890
19428
19316
27006
12778
15085
112703
15895
17291
14536
15246
32716
58271
16447
19254
12003
10108
20591
40811
11284
12707
23236
12622
224664
31642
12160
11037
13266
12601
11801
11512
12489
12365
12201
10200
29548
10992
11839
23190
21376
21065
13063
10520

MA
SB
DV
MS
TK
FGH
MA

68403
44695
29736
28138
18535
11938
10389
results end here -------------------------------------------------------
