results start here -------------------------------------------------------
27144146
16018613
10527683
5116274
4239339
1149589
892829
0
0
0
0

129
53
18
27
14
24
0
0
0
0

96
42
14
20
13
11
0
0
0
0

61
28
9
15
10
3
0
0
0
0

1
2
3
4
5
6
0
0
0
0
PROCESSING SQUADS DONE
************************************************************************
***    "Team CloudBot"
************************************************************************
ADD these members to the sheet
ASA
2616772
1714633
1214845
268441
396283
363401
292607
227946
128861
1093747
273470
162018
94822
398023
-1
48958
283449
-1
121709
15851
30404
60353
92052
23950
59722
12986
7643
26634
450
43921
17106
11986
15291
56810
232
45725
3554
361
24897
0
1890
0
132
0
12785
4351
3890
0
4552
1866
0
0
0
0
4660
0
703
12890
0
0
0
8685
3348
68
0
0
0
23568
0
0
170203
30056
11350
243
74152
1395777
0
869222
322798
75862
4159
0
6806
0
2096
-1
1295
12190
29548
10826
3523
0
0
1275073
28651
879
17839
3367
47250
18
127515
365003
32024
882
0
0
7496
6343
8
0
0
-1
44695
11756
34998
693
0
0
42403
916
0
0
61307
106
110151
0
2520
35055
396008
7570
0
4633

Anonymous

0
************************************************************************
***    "All for Nash"
************************************************************************
ADD these members to the sheet
4209773
478399
358245
139809
1215144
46244
129551
35114
34275
1129
414
0
12
0
73447
0
181857
107619
67888
18281
0
5878
153404
0
1231539
162660
255
29968
21695
9917
-1
93
11212
0
510
217830
79868
599
0
382
0
0
196653
13297
17702
8556
73
-1
42970
6959
11990
1096
0
1205355

Anonymous

0
************************************************************************
***    "The Trading Club"
************************************************************************
ADD these members to the sheet
3741207
69883
387889
38997
130142
15413
0
865
0
0
587189
115550
345
0
7562
6087
221
14918


************************************************************************
***    "Team Fabibi"
************************************************************************
ADD these members to the sheet
-1
236494
54387
25009
18652
90155
110510
35325
43242
12555
9937
14758
1358
28002
0
209211
0
0
1510
192
34568
0
0
21
-1
3274472
0
0
38973


************************************************************************
***    "The Nashians "
************************************************************************
ADD these members to the sheet
40641
14015
-1
162864
72139
15045
63419
0
16606
3327
-1
68
538525
3403
39134
180397


************************************************************************
***    "Gunbot Team"
************************************************************************
ADD these members to the sheet
707408
8150
3100
276
569
108992
0
0
4418
0
9293
0
46418
0
2029
0
0
2171
0
0

Anonymous
Anonymous
Anonymous
Anonymous

0
0
0
0
************************************************************************
***    "Solo"
************************************************************************
ADD these members to the sheet
4209773
3741207
2616772
-1
1205355
1714633
1214845
869222
40641
268441
396283
30048
181857
478399
358245
538525
363401
292607
109021
236494
396008
14015
139809
227946
-1
128861
54387
1093747
162660
273470
162018
217830
458495
94822
28193
1395777
707408
52865
1215144
107619
283449
322798
74152
75862
398023
1231539
17106
162864
110510
127515
90155
115550
29548
18652
47250
35055
365003
43242
63419
110151
387889
209211
-1
12167
69883
46244
73447
129551
72139
15256
12190
15045
29968
-1
168202
14037
121022
30056
15413
23568
35325
43921
45725
-1
121709
21695
196653
108992
60353
17067
1275073
37030
55373
79868
67888
18684
35114
38997
35622
130142
587189
972391
28651
153404
46418
25009
30404
10826
32024
92052
75072
42970
38973
40264
81036
34275
59722
33710
34757
28745
56810
34568
14918
19697
17839
10465
15851
22232
200172
36419
48958
18281
15093
26634
23950
3274472
13297
11212
-1
170203
44695
34998
16139
10959
15291
12785
12519
30406
61307
24897
11986
12986
12555
180397
12909
39134
14758
17702
439319
19458
16995
42403
13840
21686
12890
13356
11756
20689
12778
13202
11990

DV
TK
MS

28002
16606
11350
results end here -------------------------------------------------------
