results start here -------------------------------------------------------
31838736
19644318
13263378
6319645
5346236
1302359
928656
0
0
0
0

138
63
20
28
14
25
0
0
0
0

102
52
16
21
14
11
0
0
0
0

64
32
9
17
10
4
0
0
0
0

1
2
3
4
5
6
0
0
0
0
PROCESSING SQUADS DONE
************************************************************************
***    "Team CloudBot"
************************************************************************
ADD these members to the sheet
3070162
2119867
1478229
323365
528411
452245
320239
244286
159266
1105669
324214
195240
102505
538194
-1
56084
331048
-1
161679
18521
37586
88484
107739
34305
71867
15153
9022
27754
450
51091
17106
12345
18596
64432
232
54404
4376
361
47302
0
9298
0
132
0
16531
5710
3999
0
4552
1866
0
0
0
0
7937
0
703
12890
0
0
0
8685
3348
68
98
0
0
23568
0
0
277585
38342
18804
243
94823
1683814
0
869222
359781
75862
44885
0
7523
0
2096
-1
1295
12190
29548
10826
5350
0
0
1501423
28651
879
20395
3367
54120
18
159347
531451
32024
934
0
0
7496
6343
8
0
0
-1
44695
13414
37548
693
0
0
98354
1555
0
0
143018
6091
135744
0
9703
35055
559656
8713
0
5962
313805
44335
8032
7930
0
0
0
0

SB
Anonymous

106
0
************************************************************************
***    "All for Nash"
************************************************************************
ADD these members to the sheet
5237586
542962
416598
149297
1462800
49068
129551
38520
41211
1129
1390
0
12
0
105207
0
188576
129115
69939
20684
0
5878
166325
0
1321055
204160
255
29968
26579
10062
-1
93
11633
0
510
266295
122509
599
0
382
0
0
214450
13297
31776
8556
73
-1
55118
7492
80370
1096
2507
1338907
577032
88799
64737
2215
0
8332
7220
4692
3973
2760

Anonymous

0
************************************************************************
***    "The Trading Club"
************************************************************************
ADD these members to the sheet
4382270
90990
495275
45891
287880
15413
0
1705
0
0
845833
116975
345
28
7562
7138
221
21391
721
0


************************************************************************
***    "Team Fabibi"
************************************************************************
ADD these members to the sheet
-1
265509
68621
49973
19643
90155
115309
42395
48813
14715
11538
20008
1794
28002
0
255204
0
0
2746
192
52588
0
0
26
-1
4172291
0
0
39161
47542


************************************************************************
***    "The Nashians "
************************************************************************
ADD these members to the sheet
40641
14015
-1
168777
99176
15045
63419
253
16606
4058
-1
68
615117
4349
39366
221462


************************************************************************
***    "Gunbot Team"
************************************************************************
ADD these members to the sheet
708766
8150
3100
1297
1267
133919
0
0
4978
0
13617
0
49357
0
2029
0
0
2171
0
0
0

Anonymous
Anonymous
Anonymous
Anonymous

0
0
0
0
************************************************************************
***    "Solo"
************************************************************************
ADD these members to the sheet
5237586
4382270
3070162
-1
1338907
2119867
1478229
869222
40641
323365
528411
30048
188576
542962
416598
615117
452245
320239
125228
265509
559656
14015
149297
244286
-1
159266
68621
1105669
204160
324214
195240
266295
577032
102505
28193
1683814
708766
52865
1462800
129115
331048
359781
94823
75862
538194
1321055
17106
168777
115309
159347
90155
116975
29548
19643
54120
35055
531451
48813
63419
135744
495275
255204
-1
12167
90990
49068
105207
129551
99176
15256
12190
15045
29968
-1
168202
14037
153096
38342
15413
23568
42395
51091
54404
-1
161679
26579
214450
133919
88484
28995
1501423
56795
64737
122509
69939
21084
38520
45891
35622
287880
845833
972391
28651
166325
49357
49973
37586
10826
32024
107739
75420
55118
39161
40264
88799
41211
71867
38500
44335
28745
64432
52588
21391
19697
20395
10465
18521
22232
313805
47542
56084
20684
39912
27754
34305
4172291
13297
11633
-1
277585
44695
37548
29303
10959
18596
16531
12519
30406
143018
47302
12345
15153
14715
221462
12909
39366
20008
31776
439319
19458
16995
98354
13840
21686
12890
14590
13414
20689
12778
14919
80370
15895
14471
13617
11538
13996
44885
13359
11261
12003
10062

DV
MS
TK

28002
18804
16606
results end here -------------------------------------------------------
