results start here -------------------------------------------------------
70729917
40171976
28488778
13536447
8158370
3617419
1115333
0
0
0
0

138
63
20
28
14
25
0
0
0
0

107
52
17
24
14
12
0
0
0
0

80
39
11
18
12
4
0
0
0
0

1
2
3
4
5
6
0
0
0
0
PROCESSING SQUADS DONE
************************************************************************
***    "Team CloudBot"
************************************************************************
ADD these members to the sheet
6594871
4758595
2433597
772417
1809428
1286493
357577
295200
363948
1148427
724229
341110
102505
1445678
-1
56406
385164
-1
1321516
25297
114024
260395
441723
82724
204370
28975
25311
27974
603
133962
19444
26736
42859
194697
2002
111687
10077
361
216667
0
48120
0
1645
0
47219
18675
26855
1403
4552
1866
0
0
0
0
15805
0
703
12890
36
0
0
8685
6656
68
208
0
971
32094
0
0
1427614
49243
43210
243
159778
3025381
0
869222
533982
75862
70133
0
11587
0
2096
-1
2776
12190
-1
10844
10180
0
0
1501423
28651
879
121112
3367
63089
18
534118
916109
32024
1368
0
0
11239
91963
8
0
0
-1
44927
29529
73786
18112
0
0
333662
5215
0
0
161384
47092
361610
0
56283
35055
1543290
11003
4203
7106
1148735
115895
108502
22212
0
3192
0
0
29653

SB
Anonymous

6269
0
************************************************************************
***    "All for Nash"
************************************************************************
ADD these members to the sheet
11605576
1114688
1053484
191428
2206070
76968
268345
53670
41211
2644
1390
0
152
0
137365
0
188576
703066
107918
39359
0
7409
547693
0
2769747
689104
635
30127
32836
21207
-1
238
13330
0
571
588675
311033
20751
0
7688
0
0
855705
30036
32984
12489
546
-1
127504
23675
112703
1096
11076
1614654
1390938
1287966
83305
2215
0
24843
14881
10467
9251
9462

Anonymous

0
************************************************************************
***    "The Trading Club"
************************************************************************
ADD these members to the sheet
9351590
234314
924874
56346
1479169
19646
0
3834
0
0
1247807
146083
10034
2967
7562
17897
791
31678
1485
360


************************************************************************
***    "Team Fabibi"
************************************************************************
ADD these members to the sheet
-1
301770
108200
135213
19732
131896
141650
74362
74664
18229
19246
20733
4204
33885
0
581485
164
1854
3350
12665
68038
0
12
2329
-1
6300577
0
0
50491
53608


************************************************************************
***    "The Nashians "
************************************************************************
ADD these members to the sheet
47841
16269
-1
173549
237143
16538
66624
1755
19340
10498
-1
68
2439463
11742
66053
510530


************************************************************************
***    "Gunbot Team"
************************************************************************
ADD these members to the sheet
712486
9319
3149
1297
8973
278275
0
0
8642
3856
16558
0
68573
0
2029
0
0
2171
0
0
0

Anonymous
Anonymous
Anonymous
Anonymous

0
0
0
0
************************************************************************
***    "Solo"
************************************************************************
ADD these members to the sheet
11605576
9351590
6594871
-1
1614654
4758595
2433597
869222
47841
772417
1809428
119743
188576
1114688
1053484
2439463
1286493
357577
365807
301770
1543290
16269
191428
295200
-1
363948
108200
1148427
689104
724229
341110
588675
1390938
102505
28477
3025381
712486
2318852
2206070
703066
385164
533982
159778
75862
1445678
2769747
19444
173549
141650
534118
131896
146083
-1
19732
63089
35055
916109
74664
66624
361610
924874
581485
-1
12167
234314
76968
137365
268345
237143
15256
12190
16538
30127
-1
168202
15560
472026
49243
19646
32094
74362
133962
111687
-1
1321516
32836
855705
278275
260395
189491
1501423
98315
139962
311033
107918
108636
53670
56346
44681
1479169
1247807
1052707
28651
547693
68573
135213
114024
10844
32024
441723
198549
127504
50491
40264
1287966
41211
204370
66400
115895
68637
194697
68038
31678
19697
121112
11326
25297
58123
1148735
53608
56406
39359
53853
27974
82724
6300577
30036
13330
-1
1427614
44927
73786
88189
17246
42859
47219
13042
265657
161384
216667
26736
28975
18229
510530
82843
66053
20733
32984
-1
39070
54862
333662
13840
21686
12890
19428
29529
27006
12778
20807
112703
27880
18783
16558
19246
121790
70133
27545
29861
12003
21207
48120
108502
14914
24843
56283
22212
224664
161456
19979
22231
25311
40936
16718
29858
12489
104122
15805
16512
29653
23675
16806
102271
27471
26427
116466
11003
11424
15840
11076
123251
34128
19753
26855
118455
12665
12159
14881
18675
10467
91963
31067
12576
138252
10180
70752
30656
11743
14206
24488
26754
11037
186469
40883
72176
144636
25610
16881
23788
277699
11587
17897
14026
20751
22402
15089
65387
12632
11699
11239
32593
10077
11742
13546
18112
10547
15960
11278
10954
10034
12932
10498
18757
12188
25037
15667
14341
10434

MS
PA
MA
SB
MS
DV
GB
Anonymous
FGH
VM
TK
MA
MB

258733
107607
83305
47092
43210
33885
31001
26377
23879
19458
19340
14709
11327
results end here -------------------------------------------------------
