results start here -------------------------------------------------------
37051111
23321299
15128786
7607519
5928062
1666475
960807
0
0
0
0

138
63
20
28
14
25
0
0
0
0

103
52
16
22
14
11
0
0
0
0

70
33
9
17
10
4
0
0
0
0

1
2
3
4
5
6
0
0
0
0
PROCESSING SQUADS DONE
************************************************************************
***    "Team CloudBot"
************************************************************************
ADD these members to the sheet
3461201
2496623
1963581
372120
707027
514188
340727
294398
175630
1114999
378562
238741
102505
625025
-1
56084
385164
-1
503087
18907
45253
114828
158235
46528
73421
18929
12614
27793
603
62492
17106
17455
22677
66865
313
71454
4794
361
66978
0
19224
0
245
0
25075
6052
5654
0
4552
1866
0
0
0
0
9799
0
703
12890
0
0
0
8685
3367
68
200
0
0
23568
0
0
403564
49243
24925
243
127087
1930532
0
869222
392815
75862
54005
0
8416
0
2096
-1
1295
12190
29548
10826
6202
0
0
1501423
28651
879
25588
3367
60996
18
230109
689246
32024
960
0
0
7935
6343
8
0
0
-1
44927
17121
40911
693
0
0
159659
2779
0
0
159601
47092
179933
0
23236
35055
761634
9882
0
6425
442474
51378
34525
11384
0
1618
0
0

SB
Anonymous

6091
0
************************************************************************
***    "All for Nash"
************************************************************************
ADD these members to the sheet
5692158
677564
541825
181721
1656373
56827
159035
42483
41211
1129
1390
0
12
0
118441
0
188576
137562
69939
24504
0
5878
174221
0
1677936
252466
255
29968
32836
10108
-1
175
12884
0
571
319847
149913
599
0
382
0
0
378667
19079
32984
9795
73
-1
69869
9015
112703
1096
8227
1348906
680294
93134
66893
2215
0
11467
8835
7547
5229
3947

Anonymous

0
************************************************************************
***    "The Trading Club"
************************************************************************
ADD these members to the sheet
5128436
112211
594538
48862
472854
16462
0
3664
0
0
1069110
116975
741
110
7562
7232
541
27491
721
0


************************************************************************
***    "Team Fabibi"
************************************************************************
ADD these members to the sheet
-1
298477
72826
132175
19643
103291
124479
56271
58464
17251
13809
20008
1928
28250
0
304491
0
137
3350
192
59955
0
0
26
-1
4521317
0
0
41284
50428


************************************************************************
***    "The Nashians "
************************************************************************
ADD these members to the sheet
41125
14015
-1
170950
120210
16476
63419
253
18535
5110
-1
68
865321
5617
42596
302773


************************************************************************
***    "Gunbot Team"
************************************************************************
ADD these members to the sheet
708865
8150
3143
1297
2153
158667
0
0
4999
0
14536
0
54792
0
2029
0
0
2171
0
0
0

Anonymous
Anonymous
Anonymous
Anonymous

0
0
0
0
************************************************************************
***    "Solo"
************************************************************************
ADD these members to the sheet
5692158
5128436
3461201
-1
1348906
2496623
1963581
869222
41125
372120
707027
47092
188576
677564
541825
865321
514188
340727
136419
298477
761634
14015
181721
294398
-1
175630
72826
1114999
252466
378562
238741
319847
680294
102505
28193
1930532
708865
52865
1656373
137562
385164
392815
127087
75862
625025
1677936
17106
170950
124479
230109
103291
116975
29548
19643
60996
35055
689246
58464
63419
179933
594538
304491
-1
12167
112211
56827
118441
159035
120210
15256
12190
16476
29968
-1
168202
14037
178474
49243
16462
23568
56271
62492
71454
-1
503087
32836
378667
158667
114828
83988
1501423
84018
66893
149913
69939
32692
42483
48862
40042
472854
1069110
972391
28651
174221
54792
132175
45253
10826
32024
158235
105019
69869
41284
40264
93134
41211
73421
45572
51378
28745
66865
59955
27491
19697
25588
10465
18907
22232
442474
50428
56084
24504
53701
27793
46528
4521317
19079
12884
-1
403564
44927
40911
32424
10959
22677
25075
12519
30406
159601
66978
17455
18929
17251
302773
26207
42596
20008
32984
439319
19458
19926
159659
13840
21686
12890
18111
17121
27006
12778
15036
112703
15895
17291
14536
13809
13996
54005
16447
19254
12003
10108
19224
34525
11284
11467
23236
11384
160063
31642
12102
11037
12614
10555
10069

SB
DV
MS
TK
FGH
MA

44695
28250
24925
18535
11938
10281
results end here -------------------------------------------------------
