results start here -------------------------------------------------------
39994686
25132666
15869300
8258294
6255607
1839935
986849
0
0
0
0

138
63
20
28
14
25
0
0
0
0

105
52
16
22
14
11
0
0
0
0

72
35
9
17
10
4
0
0
0
0

1
2
3
4
5
6
0
0
0
0
PROCESSING SQUADS DONE
************************************************************************
***    "Team CloudBot"
************************************************************************
ADD these members to the sheet
3715998
2717975
2000439
420278
848168
578266
344677
295200
183153
1114999
410178
266880
102505
665704
-1
56406
385164
-1
592298
19517
49708
135734
180756
50292
74481
20532
13511
27793
603
70667
18163
18108
23520
67084
447
74327
5816
361
84114
0
20889
0
1258
0
27112
7172
8052
0
4552
1866
0
0
0
0
12600
0
703
12890
36
0
0
8685
3367
68
200
0
0
23568
0
0
474681
49243
28138
243
147618
2157943
0
869222
405111
75862
58271
0
8597
0
2096
-1
1295
12190
-1
10826
7133
0
0
1501423
28651
879
32787
3367
60996
18
259481
782333
32024
960
0
0
9474
6343
8
0
0
-1
44927
19814
45452
693
0
0
198933
2779
0
0
159601
47092
195287
0
23236
35055
855925
10520
132
7106
536945
59652
43260
13145
0
3192
0
0
29548

SB
Anonymous

6269
0
************************************************************************
***    "All for Nash"
************************************************************************
ADD these members to the sheet
5717599
727736
613882
188876
1773194
61087
182056
43806
41211
1833
1390
0
12
0
124974
0
188576
137562
80886
26313
0
5878
178754
0
1857604
297008
436
29968
32836
10108
-1
238
12884
0
571
354146
178431
599
0
382
0
0
404823
19079
32984
12489
89
-1
81906
11368
112703
1096
9633
1349070
733895
108988
75868
2215
0
13182
9760
8080
5971
5240

Anonymous

0
************************************************************************
***    "The Trading Club"
************************************************************************
ADD these members to the sheet
5473649
121436
627147
50680
619515
17462
0
3664
0
0
1178611
116975
1570
110
7562
7232
673
30744
1256
0


************************************************************************
***    "Team Fabibi"
************************************************************************
ADD these members to the sheet
-1
301579
80433
132175
19643
115501
128864
56271
58464
18008
15502
20008
2583
29736
0
356053
0
137
3350
255
68038
0
0
26
-1
4757123
0
0
41419
50428


************************************************************************
***    "The Nashians "
************************************************************************
ADD these members to the sheet
41125
14387
-1
173496
123932
16476
63419
493
18535
5553
-1
68
979775
6512
42596
353561


************************************************************************
***    "Gunbot Team"
************************************************************************
ADD these members to the sheet
710555
9319
3149
1297
2393
179941
0
0
4999
0
14536
0
56455
0
2029
0
0
2171
0
0
0

Anonymous
Anonymous
Anonymous
Anonymous

0
0
0
0
************************************************************************
***    "Solo"
************************************************************************
ADD these members to the sheet
EM
5717599
5473649
3715998
-1
1349070
2717975
2000439
869222
41125
420278
848168
47092
188576
727736
613882
979775
578266
344677
174770
301579
855925
14387
188876
295200
-1
183153
80433
1114999
297008
410178
266880
354146
733895
102505
28217
2157943
710555
52865
1773194
137562
385164
405111
147618
75862
665704
1857604
18163
173496
128864
259481
115501
116975
-1
19643
60996
35055
782333
58464
63419
195287
627147
356053
-1
12167
121436
61087
124974
182056
123932
15256
12190
16476
29968
-1
168202
14037
201933
49243
17462
23568
56271
70667
74327
-1
592298
32836
404823
179941
135734
105837
1501423
93446
75868
178431
80886
40948
43806
50680
40042
619515
1178611
972391
28651
178754
56455
132175
49708
10826
32024
180756
154262
81906
41419
40264
108988
41211
74481
45572
59652
28745
67084
68038
30744
19697
32787
10465
19517
22232
536945
50428
56406
26313
53853
27793
50292
4757123
19079
12884
-1
474681
44927
45452
55317
16644
23520
27112
12519
66403
159601
84114
18108
20532
18008
353561
46044
42596
20008
32984
-1
19458
21633
198933
13840
21686
12890
19428
19814
27006
12778
15085
112703
15895
17291
14536
15502
32716
58271
16447
19254
12003
10108
20889
43260
11284
13182
23236
13145
224664
31642
12160
11037
13511
12601
11801
11512
12489
13682
12600
10200
29548
11368
11839
35521
21376
21065
13063
10520
10653

MA
SB
DV
MS
TK
MS
FGH
MA

68403
44695
29736
28138
18535
14903
11938
10389
results end here -------------------------------------------------------
