results start here -------------------------------------------------------
33378842
20904238
14143333
6853006
5598244
1390200
938694
0
0
0
0

138
63
20
28
14
25
0
0
0
0

102
52
16
21
14
11
0
0
0
0

67
32
9
17
10
4
0
0
0
0

1
2
3
4
5
6
0
0
0
0
PROCESSING SQUADS DONE
************************************************************************
***    "Team CloudBot"
************************************************************************
ADD these members to the sheet
3257704
2200779
1670124
350803
592573
466583
337274
249935
163206
1105669
339355
217726
102505
560361
-1
56084
343655
-1
274548
18907
41013
97021
126069
36834
72973
15948
9022
27754
603
53746
17106
14157
19488
65396
272
54404
4535
361
57277
0
12154
0
132
0
16531
5747
3999
0
4552
1866
0
0
0
0
8832
0
703
12890
0
0
0
8685
3354
68
200
0
0
23568
0
0
332980
40257
22270
243
112079
1729653
0
869222
371978
75862
49058
0
8239
0
2096
-1
1295
12190
29548
10826
5390
0
0
1501423
28651
879
21620
3367
57807
18
168935
551581
32024
934
0
0
7496
6343
8
0
0
-1
44927
17024
39141
693
0
0
139327
1819
0
0
159384
30646
145430
0
9703
35055
647684
8713
0
5962
355400
46444
22715
8706
0
0
0
0

SB
Anonymous

6091
0
************************************************************************
***    "All for Nash"
************************************************************************
ADD these members to the sheet
5669914
587060
444171
162172
1526706
49763
129551
38520
41211
1129
1390
0
12
0
107478
0
188576
131153
69939
21378
0
5878
168665
0
1386525
223873
255
29968
27879
10062
-1
93
12438
0
510
283289
134269
599
0
382
0
0
303133
13297
32984
8556
73
-1
61264
7492
106269
1096
4350
1347703
614641
92201
65026
2215
0
8977
7581
4692
4089
2859

Anonymous

0
************************************************************************
***    "The Trading Club"
************************************************************************
ADD these members to the sheet
4712761
98797
526031
45891
349887
16462
0
1705
0
0
946231
116975
345
28
7562
7138
245
22218
721
0


************************************************************************
***    "Team Fabibi"
************************************************************************
ADD these members to the sheet
-1
285098
70351
85984
19643
92737
115707
45804
48813
14987
12010
20008
1802
28002
0
255204
0
0
3350
192
57223
0
0
26
-1
4353748
0
0
40004
47542


************************************************************************
***    "The Nashians "
************************************************************************
ADD these members to the sheet
40641
14015
-1
168777
115315
15045
63419
253
17330
4441
-1
68
640980
4529
42596
262785


************************************************************************
***    "Gunbot Team"
************************************************************************
ADD these members to the sheet
708766
8150
3100
1297
1315
143263
0
0
4999
0
13617
0
49983
0
2029
0
0
2171
0
0
0

Anonymous
Anonymous
Anonymous
Anonymous

0
0
0
0
************************************************************************
***    "Solo"
************************************************************************
ADD these members to the sheet
5669914
4712761
3257704
-1
1347703
2200779
1670124
869222
40641
350803
592573
30646
188576
587060
444171
640980
466583
337274
125228
285098
647684
14015
162172
249935
-1
163206
70351
1105669
223873
339355
217726
283289
614641
102505
28193
1729653
708766
52865
1526706
131153
343655
371978
112079
75862
560361
1386525
17106
168777
115707
168935
92737
116975
29548
19643
57807
35055
551581
48813
63419
145430
526031
255204
-1
12167
98797
49763
107478
129551
115315
15256
12190
15045
29968
-1
168202
14037
162040
40257
16462
23568
45804
53746
54404
-1
274548
27879
303133
143263
97021
61426
1501423
60105
65026
134269
69939
24076
38520
45891
35622
349887
946231
972391
28651
168665
49983
85984
41013
10826
32024
126069
85589
61264
40004
40264
92201
41211
72973
38500
46444
28745
65396
57223
22218
19697
21620
10465
18907
22232
355400
47542
56084
21378
40684
27754
36834
4353748
13297
12438
-1
332980
44927
39141
29303
10959
19488
16531
12519
30406
159384
57277
14157
15948
14987
262785
12909
42596
20008
32984
439319
19458
16995
139327
13840
21686
12890
14590
17024
20689
12778
15036
106269
15895
14471
13617
12010
13996
49058
13359
12066
12003
10062
12154
22715

SB
DV
MS
TK

30048
28002
22270
17330
results end here -------------------------------------------------------
