results start here -------------------------------------------------------
47121713
29358636
18899665
9538780
6817774
2331696
1016638
0
0
0
0

138
63
20
28
14
25
0
0
0
0

105
52
16
22
14
11
0
0
0
0

75
38
9
18
10
4
0
0
0
0

1
2
3
4
5
6
0
0
0
0
PROCESSING SQUADS DONE
************************************************************************
***    "Team CloudBot"
************************************************************************
ADD these members to the sheet
4361744
3200381
2287504
481777
1191976
742356
356330
295200
197381
1114999
462938
283186
102505
793378
-1
56406
385164
-1
892225
22148
61123
167434
227115
57292
77085
22622
17596
27793
603
81125
18163
19690
26883
67084
530
83310
8553
361
111192
0
22982
0
1258
0
31709
11119
22937
0
4552
1866
0
0
0
0
14631
0
703
12890
36
0
0
8685
3682
68
200
0
0
23568
0
0
642218
49243
32226
243
159778
2796991
0
869222
405194
75862
58384
0
9565
0
2096
-1
1295
12190
-1
10844
8662
0
0
1501423
28651
879
49179
3367
60996
18
309002
848213
32024
960
0
0
9474
18616
8
0
0
-1
44927
22702
49782
897
0
0
235109
3017
0
0
161017
47092
220921
0
30607
35055
1204156
10520
1926
7106
646110
73277
49876
14511
0
3192
0
0
29653

SB
Anonymous

6269
0
************************************************************************
***    "All for Nash"
************************************************************************
ADD these members to the sheet
7224660
814369
686194
191428
1874966
65431
206740
48661
41211
2644
1390
0
12
0
127608
0
188576
373284
83080
31793
0
5878
180314
0
2155671
391148
436
30088
32836
11139
-1
238
13330
0
571
390486
225685
2415
0
382
0
0
558235
19079
32984
12489
89
-1
101261
14383
112703
1096
11076
1355173
892642
253560
80544
2215
0
15132
10783
10199
6989
6346

Anonymous

0
************************************************************************
***    "The Trading Club"
************************************************************************
ADD these members to the sheet
6369332
135653
722553
53257
793528
18361
0
3834
0
0
1243768
145844
3899
341
7562
7232
673
31678
1256
0


************************************************************************
***    "Team Fabibi"
************************************************************************
ADD these members to the sheet
-1
301672
92931
132175
19667
119036
134963
56271
60517
18036
17719
20490
3223
30673
0
458530
0
137
3350
12585
68038
0
0
26
-1
5175678
0
0
41619
50428


************************************************************************
***    "The Nashians "
************************************************************************
ADD these members to the sheet
41125
14555
-1
173496
148996
16507
63424
722
18535
6570
-1
68
1361819
8232
53928
423712


************************************************************************
***    "Gunbot Team"
************************************************************************
ADD these members to the sheet
710731
9319
3149
1297
3437
206159
0
0
5335
0
14536
0
58471
0
2029
0
0
2171
0
0
0

Anonymous
Anonymous
Anonymous
Anonymous

0
0
0
0
************************************************************************
***    "Solo"
************************************************************************
ADD these members to the sheet
7224660
6369332
4361744
-1
1355173
3200381
2287504
869222
41125
481777
1191976
47092
188576
814369
686194
1361819
742356
356330
226346
301672
1204156
14555
191428
295200
-1
197381
92931
1114999
391148
462938
283186
390486
892642
102505
28217
2796991
710731
329233
1874966
373284
385164
405194
159778
75862
793378
2155671
18163
173496
134963
309002
119036
145844
-1
19667
60996
35055
848213
60517
63424
220921
722553
458530
-1
12167
135653
65431
127608
206740
148996
15256
12190
16507
30088
-1
168202
14037
250474
49243
18361
23568
56271
81125
83310
-1
892225
32836
558235
206159
167434
160035
1501423
98315
80544
225685
83080
48864
48661
53257
40042
793528
1243768
972391
28651
180314
58471
132175
61123
10844
32024
227115
154262
101261
41619
40264
253560
41211
77085
50306
73277
28745
67084
68038
31678
19697
49179
10465
22148
30304
646110
50428
56406
31793
53853
27793
57292
5175678
19079
13330
-1
642218
44927
49782
88189
17221
26883
31709
12519
66403
161017
111192
19690
22622
18036
423712
53053
53928
20490
32984
-1
19458
40998
235109
13840
21686
12890
19428
22702
27006
12778
17968
112703
27880
18230
14536
17719
38632
58384
22781
19254
12003
11139
22982
49876
11284
15132
30607
14511
224664
31642
12160
11037
17596
16590
11801
17443
12489
35156
14631
10200
29653
14383
12056
88261
27197
21943
18356
10520
10653
11666
11076
28282
15317
14792
22937
29137
12585
12159
10783
11119
10199
18616
17950
10167
14997

MA
SB
MS
MS
DV
Anonymous
TK
VM
FGH
MA

68403
44695
44276
32226
30673
26207
18535
16487
11938
11699
results end here -------------------------------------------------------
