results start here -------------------------------------------------------
30173833
18577695
12840913
5928383
4832047
1255490
908510
0
0
0
0

138
63
20
28
14
25
0
0
0
0

102
52
15
21
14
11
0
0
0
0

64
31
9
17
10
4
0
0
0
0

1
2
3
4
5
6
0
0
0
0
PROCESSING SQUADS DONE
************************************************************************
***    "Team CloudBot"
************************************************************************
ADD these members to the sheet
2969095
2008233
1378043
302999
493932
425537
309500
241262
147906
1105669
302219
182826
94822
509221
-1
56084
302010
-1
130222
17207
34744
75544
101178
30513
70259
14993
8864
27232
450
48805
17106
11986
16832
61269
232
48467
3731
361
34959
0
6315
0
132
0
13610
5558
3999
0
4552
1866
0
0
0
0
6490
0
703
12890
0
0
0
8685
3348
68
98
0
0
23568
0
0
249564
38342
14481
243
86837
1628236
0
869222
354418
75862
30488
0
7523
0
2096
-1
1295
12190
29548
10826
4852
0
0
1389674
28651
879
18988
3367
50325
18
142366
510845
32024
882
0
0
7496
6343
8
0
0
-1
44695
12754
37548
693
0
0
69465
936
0
0
116756
6091
119907
0
3820
35055
506696
8713
0
5932
268690
40319
7590
7800
0
0
0
0

SB
Anonymous

106
0
************************************************************************
***    "All for Nash"
************************************************************************
ADD these members to the sheet
5122878
533804
396184
148276
1372792
49068
129551
37901
41211
1129
414
0
12
0
85001
0
188576
123710
69939
19439
0
5878
162466
0
1292008
190413
255
29968
26579
9933
-1
93
11212
0
510
252292
110529
599
0
382
0
0
214450
13297
26305
8556
73
-1
49562
7256
57759
1096
1313
1315766
554988
86016
63079
2215
0
8214
6658
4692
3895
2694

Anonymous

0
************************************************************************
***    "The Trading Club"
************************************************************************
ADD these members to the sheet
4161124
80786
467277
45547
215112
15413
0
1705
0
0
791329
116975
345
0
7562
6741
221
17519
721
0


************************************************************************
***    "Team Fabibi"
************************************************************************
ADD these members to the sheet
-1
253870
64563
41139
19539
90155
113008
39733
45191
14035
11302
19686
1628
28002
0
255204
0
0
1828
192
46642
0
0
26
-1
3705103
0
0
39161
42030


************************************************************************
***    "The Nashians "
************************************************************************
ADD these members to the sheet
40641
14015
-1
168777
96414
15045
63419
253
16606
3603
-1
68
585650
3882
39366
207744


************************************************************************
***    "Gunbot Team"
************************************************************************
ADD these members to the sheet
707408
8150
3100
287
858
119320
0
0
4418
0
13617
0
47148
0
2029
0
0
2171
0
0
0

Anonymous
Anonymous
Anonymous
Anonymous

0
0
0
0
************************************************************************
***    "Solo"
************************************************************************
ADD these members to the sheet
5122878
4161124
2969095
-1
1315766
2008233
1378043
869222
40641
302999
493932
30048
188576
533804
396184
585650
425537
309500
114020
253870
506696
14015
148276
241262
-1
147906
64563
1105669
190413
302219
182826
252292
554988
94822
28193
1628236
707408
52865
1372792
123710
302010
354418
86837
75862
509221
1292008
17106
168777
113008
142366
90155
116975
29548
19539
50325
35055
510845
45191
63419
119907
467277
255204
-1
12167
80786
49068
85001
129551
96414
15256
12190
15045
29968
-1
168202
14037
145108
38342
15413
23568
39733
48805
48467
-1
130222
26579
214450
119320
75544
27229
1389674
48025
63079
110529
69939
21084
37901
45547
35622
215112
791329
972391
28651
162466
47148
41139
34744
10826
32024
101178
75072
49562
39161
40264
86016
41211
70259
38500
40319
28745
61269
46642
17519
19697
18988
10465
17207
22232
268690
42030
56084
19439
23149
27232
30513
3705103
13297
11212
-1
249564
44695
37548
28928
10959
16832
13610
12519
30406
116756
34959
11986
14993
14035
207744
12909
39366
19686
26305
439319
19458
16995
69465
13840
21686
12890
14590
12754
20689
12778
14919
57759
15895
14471
13617
11302
13996
30488

DV
TK
MS

28002
16606
14481
results end here -------------------------------------------------------
