results start here -------------------------------------------------------
40301439
25319392
15935957
8297195
6296465
1879468
988446
0
0
0
0

138
63
20
28
14
25
0
0
0
0

105
52
16
22
14
11
0
0
0
0

72
35
9
17
10
4
0
0
0
0

1
2
3
4
5
6
0
0
0
0
PROCESSING SQUADS DONE
************************************************************************
***    "Team CloudBot"
************************************************************************
ADD these members to the sheet
3729091
2735677
2001020
423297
854174
585051
344677
295200
183448
1114999
412153
267378
102505
672451
-1
56406
385164
-1
592298
19557
49858
137102
182073
50495
74481
21261
13511
27793
603
70795
18163
18108
23520
67084
487
74724
6116
361
85089
0
20949
0
1258
0
27112
7305
8052
0
4552
1866
0
0
0
0
13421
0
703
12890
36
0
0
8685
3367
68
200
0
0
23568
0
0
481591
49243
28138
243
149017
2250425
0
869222
405111
75862
58271
0
8597
0
2096
-1
1295
12190
-1
10826
7252
0
0
1501423
28651
879
33309
3367
60996
18
260956
785636
32024
960
0
0
9474
6343
8
0
0
-1
44927
19814
45452
693
0
0
200018
2779
0
0
159601
47092
196081
0
23236
35055
861456
10520
132
7106
545951
60031
43558
13209
0
3192
0
0
29548

SB
Anonymous

6269
0
************************************************************************
***    "All for Nash"
************************************************************************
ADD these members to the sheet
5738118
729247
614019
188994
1775965
61087
183520
44031
41211
1833
1390
0
12
0
125152
0
188576
138646
81139
26544
0
5878
178959
0
1874167
304422
436
29968
32836
10108
-1
238
13330
0
571
356744
179929
599
0
382
0
0
404823
19079
32984
12489
89
-1
82462
11487
112703
1096
9633
1350148
740224
108988
76748
2215
0
13241
9793
8080
6326
5275

Anonymous

0
************************************************************************
***    "The Trading Club"
************************************************************************
ADD these members to the sheet
5503271
122109
630685
50798
621258
17462
0
3664
0
0
1181818
116975
1570
110
7562
7232
673
30744
1256
0


************************************************************************
***    "Team Fabibi"
************************************************************************
ADD these members to the sheet
-1
301579
80433
132175
19643
115815
129063
56271
58464
18036
15817
20008
2751
29736
0
381473
0
137
3350
255
68038
0
0
26
-1
4771538
0
0
41419
50428


************************************************************************
***    "The Nashians "
************************************************************************
ADD these members to the sheet
41125
14387
-1
173496
124031
16476
63419
493
18535
5577
-1
68
1008940
6548
45277
361088


************************************************************************
***    "Gunbot Team"
************************************************************************
ADD these members to the sheet
710555
9319
3149
1297
2393
181538
0
0
4999
0
14536
0
56455
0
2029
0
0
2171
0
0
0

Anonymous
Anonymous
Anonymous
Anonymous

0
0
0
0
************************************************************************
***    "Solo"
************************************************************************
ADD these members to the sheet
5738118
5503271
3729091
-1
1350148
2735677
2001020
869222
41125
423297
854174
47092
188576
729247
614019
1008940
585051
344677
192404
301579
861456
14387
188994
295200
-1
183448
80433
1114999
304422
412153
267378
356744
740224
102505
28217
2250425
710555
52865
1775965
138646
385164
405111
149017
75862
672451
1874167
18163
173496
129063
260956
115815
116975
-1
19643
60996
35055
785636
58464
63419
196081
630685
381473
-1
12167
122109
61087
125152
183520
124031
15256
12190
16476
29968
-1
168202
14037
203095
49243
17462
23568
56271
70795
74724
-1
592298
32836
404823
181538
137102
105837
1501423
93446
76748
179929
81139
41905
44031
50798
40042
621258
1181818
972391
28651
178959
56455
132175
49858
10826
32024
182073
154262
82462
41419
40264
108988
41211
74481
46739
60031
28745
67084
68038
30744
19697
33309
10465
19557
22232
545951
50428
56406
26544
53853
27793
50495
4771538
19079
13330
-1
481591
44927
45452
55317
17221
23520
27112
12519
66403
159601
85089
18108
21261
18036
361088
46044
45277
20008
32984
-1
19458
21633
200018
13840
21686
12890
19428
19814
27006
12778
15085
112703
15895
17291
14536
15817
32995
58271
16447
19254
12003
10108
20949
43558
11284
13241
23236
13209
224664
31642
12160
11037
13511
12601
11801
13649
12489
14746
13421
10200
29548
11487
11839
38779
21376
21065
13074
10520
10653

MA
SB
DV
MS
MS
TK
FGH
MA

68403
44695
29736
28138
19597
18535
11938
10389
results end here -------------------------------------------------------
