results start here -------------------------------------------------------
55504230
32845883
22514984
11015398
7528630
2760521
1051588
0
0
0
0

138
63
20
28
14
25
0
0
0
0

106
52
16
23
14
12
0
0
0
0

76
38
9
18
10
4
0
0
0
0

1
2
3
4
5
6
0
0
0
0
PROCESSING SQUADS DONE
************************************************************************
***    "Team CloudBot"
************************************************************************
ADD these members to the sheet
5011886
3594171
2417508
565903
1484547
907175
356598
295200
217679
1116375
523408
303435
102505
961338
-1
56406
385164
-1
1123613
22148
75832
192953
283123
67030
193086
26005
18975
27793
603
96849
19444
21939
29945
166145
749
90834
9113
361
144393
0
24137
0
1645
0
38139
16979
23995
1342
4552
1866
0
0
0
0
15805
0
703
12890
36
0
0
8685
3890
68
200
0
0
27516
0
0
869562
49243
37658
243
159778
2818282
0
869222
427101
75862
63850
0
9900
0
2096
-1
1295
12190
-1
10844
10180
0
0
1501423
28651
879
67196
3367
60996
18
367422
884952
32024
960
0
0
9474
48046
8
0
0
-1
44927
28733
59818
4355
0
0
264999
3657
0
0
161384
47092
244228
0
40644
35055
1416264
10520
3723
7106
746804
89599
64565
17844
0
3192
0
0
29653

SB
Anonymous

6269
0
************************************************************************
***    "All for Nash"
************************************************************************
ADD these members to the sheet
8771720
1020235
826066
191428
1959078
66973
232162
52232
41211
2644
1390
0
12
0
131090
0
188576
482242
96488
34104
0
5878
197064
0
2462111
514864
436
30127
32836
14418
-1
238
13330
0
571
446400
263457
7762
0
382
0
0
646655
19206
32984
12489
89
-1
115641
17151
112703
1096
11076
1355977
1048740
911597
81203
2215
0
18614
13030
10467
8087
8412

Anonymous

0
************************************************************************
***    "The Trading Club"
************************************************************************
ADD these members to the sheet
7489139
160189
797802
56346
1040652
19385
0
3834
0
0
1244530
145844
6000
787
7562
9578
697
31678
1366
0


************************************************************************
***    "Team Fabibi"
************************************************************************
ADD these members to the sheet
-1
301770
92931
132175
19732
122011
137884
63655
67274
18064
18749
20490
3959
33680
0
463316
164
137
3350
12585
68038
0
0
44
-1
5853601
0
0
41619
53393


************************************************************************
***    "The Nashians "
************************************************************************
ADD these members to the sheet
41125
15129
-1
173496
198919
16538
63424
733
19145
7552
-1
68
1710341
9884
53928
450232


************************************************************************
***    "Gunbot Team"
************************************************************************
ADD these members to the sheet
712195
9319
3149
1297
6380
229092
0
0
6413
1832
16558
0
61147
0
2029
0
0
2171
0
0
0

Anonymous
Anonymous
Anonymous
Anonymous

0
0
0
0
************************************************************************
***    "Solo"
************************************************************************
ADD these members to the sheet
MB
8771720
7489139
5011886
-1
1355977
3594171
2417508
869222
41125
565903
1484547
74151
188576
1020235
826066
1710341
907175
356598
297287
301770
1416264
15129
191428
295200
-1
217679
92931
1116375
514864
523408
303435
446400
1048740
102505
28272
2818282
712195
1161768
1959078
482242
385164
427101
159778
75862
961338
2462111
19444
173496
137884
367422
122011
145844
-1
19732
60996
35055
884952
67274
63424
244228
797802
463316
-1
12167
160189
66973
131090
232162
198919
15256
12190
16538
30127
-1
168202
14037
311167
49243
19385
27516
63655
96849
90834
-1
1123613
32836
646655
229092
192953
168905
1501423
98315
139962
263457
96488
91343
52232
56346
42356
1040652
1244530
972391
28651
197064
61147
132175
75832
10844
32024
283123
154262
115641
41619
40264
911597
41211
193086
50306
89599
28745
166145
68038
31678
19697
67196
11326
22148
30304
746804
53393
56406
34104
53853
27793
67030
5853601
19206
13330
-1
869562
44927
59818
88189
17221
29945
38139
12519
265657
161384
144393
21939
26005
18064
450232
67607
53928
20490
32984
-1
28498
47644
264999
13840
21686
12890
19428
28733
27006
12778
18904
112703
27880
18230
16558
18749
81467
63850
22781
19254
12003
14418
24137
64565
13983
18614
40644
17844
224664
158446
12218
11037
18975
16590
13757
17443
12489
53590
15805
10200
29653
17151
12246
102271
27197
21943
27338
10520
10653
13227
11076
123251
21187
17854
23995
118445
12585
12159
13030
16979
10467
48046
30969
12576
78567
10180
31001
14993
10199
11472
24488
22953
10096
85802
19711
57821
59160
14114
10861
12540

MS
MA
SB
PA
MS
DV
Anonymous
VM
TK
MA
FGH

151069
81203
47092
38693
37658
33680
26315
19458
19145
14709
11938
results end here -------------------------------------------------------
