results start here -------------------------------------------------------
60755436
35264810
24191050
11906538
8064730
3113565
1090506
0
0
0
0

138
63
20
28
14
25
0
0
0
0

106
52
17
24
14
12
0
0
0
0

78
39
10
18
10
4
0
0
0
0

1
2
3
4
5
6
0
0
0
0
PROCESSING SQUADS DONE
************************************************************************
***    "Team CloudBot"
************************************************************************
ADD these members to the sheet
5507699
3970257
2433597
631679
1652201
993058
357577
295200
252460
1119487
573623
323182
102505
1051631
-1
56406
385164
-1
1272949
22148
89485
217560
330185
77970
197133
28337
22882
27793
603
107053
19444
25914
33666
183089
1164
107185
9828
361
177165
0
30286
0
1645
0
45883
18675
25814
1403
4552
1866
0
0
0
0
15805
0
703
12890
36
0
0
8685
3890
68
200
0
0
32094
0
0
1014597
49243
39617
243
159778
2833838
0
869222
456450
75862
66161
0
10090
0
2096
-1
1295
12190
-1
10844
10180
0
0
1501423
28651
879
77441
3367
61900
18
419831
896599
32024
960
0
0
10830
80040
8
0
0
-1
44927
28733
66732
4627
0
0
288361
4035
0
0
161384
47092
289865
0
53583
35055
1416264
10520
3723
7106
957580
109336
87991
20919
0
3192
0
0
29653

SB
Anonymous

6269
0
************************************************************************
***    "All for Nash"
************************************************************************
ADD these members to the sheet
9159192
1029007
944818
191428
2038418
69225
246003
52282
41211
2644
1390
0
12
0
134686
0
188576
561543
103217
36292
0
7398
215349
0
2706887
580840
436
30127
32836
18612
-1
238
13330
0
571
486055
301829
13376
0
428
0
0
768797
29881
32984
12489
536
-1
125069
19573
112703
1096
11076
1373850
1160792
1184576
81703
2215
0
21759
14488
10467
9251
9462

Anonymous

0
************************************************************************
***    "The Trading Club"
************************************************************************
ADD these members to the sheet
8095458
174055
850840
56346
1247542
19646
0
3834
0
0
1246262
145844
7057
1991
7562
15896
791
31678
1366
360


************************************************************************
***    "Team Fabibi"
************************************************************************
ADD these members to the sheet
-1
301770
92931
135213
19732
131743
137884
67435
73954
18064
19097
20733
4053
33680
0
581485
164
137
3350
12633
68038
0
12
44
-1
6247554
0
0
41619
53393


************************************************************************
***    "The Nashians "
************************************************************************
ADD these members to the sheet
41125
15129
-1
173549
225790
16538
66624
752
19340
8610
-1
68
2001343
9956
62913
471822


************************************************************************
***    "Gunbot Team"
************************************************************************
ADD these members to the sheet
712486
9319
3149
1297
8432
258331
0
0
8112
1832
16558
0
66785
0
2029
0
0
2171
0
0
0

Anonymous
Anonymous
Anonymous
Anonymous

0
0
0
0
************************************************************************
***    "Solo"
************************************************************************
ADD these members to the sheet
9159192
8095458
5507699
-1
1373850
3970257
2433597
869222
41125
631679
1652201
101363
188576
1029007
944818
2001343
993058
357577
349702
301770
1416264
15129
191428
295200
-1
252460
92931
1119487
580840
573623
323182
486055
1160792
102505
28477
2833838
712486
1671902
2038418
561543
385164
456450
159778
75862
1051631
2706887
19444
173549
137884
419831
131743
145844
-1
19732
61900
35055
896599
73954
66624
289865
850840
581485
-1
12167
174055
69225
134686
246003
225790
15256
12190
16538
30127
-1
168202
14133
380579
49243
19646
32094
67435
107053
107185
-1
1272949
32836
768797
258331
217560
171315
1501423
98315
139962
301829
103217
101440
52282
56346
42356
1247542
1246262
972391
28651
215349
66785
135213
89485
10844
32024
330185
198549
125069
41619
40264
1184576
41211
197133
64913
109336
28745
183089
68038
31678
19697
77441
11326
22148
30304
957580
53393
56406
36292
53853
27793
77970
6247554
29881
13330
-1
1014597
44927
66732
88189
17246
33666
45883
13042
265657
161384
177165
25914
28337
18064
471822
68326
62913
20733
32984
-1
39070
54339
288361
13840
21686
12890
19428
28733
27006
12778
20807
112703
27880
18783
16558
19097
110227
66161
27545
23528
12003
18612
30286
87991
13983
21759
53583
20919
224664
160233
19946
11037
22882
16590
14751
23649
12489
78303
15805
13290
29653
19573
13917
102271
27197
26427
27790
10520
10653
15840
11076
123251
26352
19139
25814
118445
12633
12159
14488
18675
10467
80040
30969
12576
117656
10180
31001
20935
10199
14206
24488
26754
10096
177812
40883
72176
133917
14114
16881
18202
262189
10090
15896
14026
13376
18299
15089
20349
12632
10803
10830

MS
PA
MA
SB
MS
DV
Anonymous
VM
TK
MA
FGH

233109
104872
81703
47092
39617
33680
26377
19458
19340
14709
11938
results end here -------------------------------------------------------
