results start here -------------------------------------------------------
73300329
41975186
30053831
13607814
8166338
3700359
1118909
0
0
0
0

138
63
20
28
14
25
0
0
0
0

108
52
17
24
14
12
0
0
0
0

80
39
11
18
12
4
0
0
0
0

1
2
3
4
5
6
0
0
0
0
PROCESSING SQUADS DONE
************************************************************************
***    "Team CloudBot"
************************************************************************
ADD these members to the sheet
7148142
5113844
2433597
782103
1809632
1331159
357577
295200
376740
1148427
724229
341110
102505
1636662
-1
56406
385164
-1
1321726
25297
118986
268682
489049
83555
205778
28975
28717
27974
603
138019
19444
26736
51455
196474
2002
111687
10077
361
226766
0
51794
0
1645
0
47219
18675
26855
1403
4552
1866
0
161
0
0
16092
0
703
12890
36
0
0
8685
9508
68
208
0
2074
36379
0
0
1629390
49243
43210
243
159778
3025381
0
869222
533982
75862
70133
0
11587
0
2096
-1
2776
12190
-1
10844
10180
0
0
1501423
28651
879
139179
3367
63089
18
558365
916109
32024
1580
0
0
11264
91963
8
0
0
-1
44927
29529
73786
24362
0
0
341517
5320
0
0
161384
47092
378581
0
56283
35055
1759231
11003
4203
7106
1189345
116873
108502
22212
0
3192
0
0
29653

SB
Anonymous

6269
0
************************************************************************
***    "All for Nash"
************************************************************************
ADD these members to the sheet
12559900
1149668
1117937
191428
2232675
79177
268345
53670
41211
2644
1390
0
152
0
137668
0
188576
746998
110083
39359
0
7409
702128
0
2769747
718812
954
30127
33317
21532
-1
238
13330
0
571
619703
311189
21547
0
7688
0
0
855705
34228
32984
12489
546
-1
127504
25011
112703
1096
11076
1735476
1461693
1309545
83305
2215
0
24843
14881
10467
9329
9533

Anonymous

0
************************************************************************
***    "The Trading Club"
************************************************************************
ADD these members to the sheet
9369102
257444
949301
56346
1484055
19646
0
4045
0
0
1247807
146083
10034
3566
7562
17897
791
31678
1485
962


************************************************************************
***    "Team Fabibi"
************************************************************************
ADD these members to the sheet
-1
301770
108200
135213
19979
132340
141650
75943
74724
18243
19246
20733
4204
33885
0
581485
164
1854
3350
12723
68038
0
12
2329
-1
6306041
0
0
50591
53608


************************************************************************
***    "The Nashians "
************************************************************************
ADD these members to the sheet
51132
16371
-1
173549
237611
16538
66629
1755
19340
10498
-1
68
2511556
11742
66053
517510


************************************************************************
***    "Gunbot Team"
************************************************************************
ADD these members to the sheet
712486
9319
3149
1297
9033
281618
0
0
8642
3856
16558
0
68746
0
2029
0
0
2171
0
0
0

Anonymous
Anonymous
Anonymous
Anonymous

0
0
0
0
************************************************************************
***    "Solo"
************************************************************************
ADD these members to the sheet
12559900
9369102
7148142
-1
1735476
5113844
2433597
869222
51132
782103
1809632
119743
188576
1149668
1117937
2511556
1331159
357577
378658
301770
1759231
16371
191428
295200
-1
376740
108200
1148427
718812
724229
341110
619703
1461693
102505
28477
3025381
712486
2318852
2232675
746998
385164
533982
159778
75862
1636662
2769747
19444
173549
141650
558365
132340
146083
-1
19979
63089
35055
916109
74724
66629
378581
949301
581485
-1
12167
257444
79177
137668
268345
237611
15256
12190
16538
30127
-1
168202
15560
502585
49243
19646
36379
75943
138019
111687
-1
1321726
33317
855705
281618
268682
189491
1501423
98315
139962
311189
110083
139602
53670
56346
44681
1484055
1247807
1052707
28651
702128
68746
135213
118986
10844
32024
489049
198549
127504
50591
40264
1309545
41211
205778
66400
116873
70352
196474
68038
31678
19697
139179
11326
25297
58123
1189345
53608
56406
39359
53853
27974
83555
6306041
34228
13330
-1
1629390
44927
73786
88189
17246
51455
47219
13042
265657
161384
226766
26736
28975
18243
517510
82843
66053
20733
32984
-1
39070
54862
341517
13840
21686
12890
19428
29529
27006
12778
20807
112703
27880
18783
16558
19246
121790
70133
27545
29861
12003
21532
51794
108502
14914
24843
56283
22212
224664
161456
19979
22231
28717
40936
16718
29858
12489
107004
16092
16512
29653
25011
16806
102271
27471
26427
126636
11003
13469
15840
11076
123251
39256
19753
26855
118455
12723
12159
14881
18675
10467
91963
31067
12576
138252
10180
70752
33754
11743
14206
24488
26754
11695
186469
40883
72176
144636
25610
16881
23788
277699
11587
17897
14026
21547
22402
25469
92656
12632
13201
11264
32593
10077
11742
13546
24362
11750
20987
11278
11407
10034
12932
10498
26483
12188
103010
15667
14954
13964
16466

MS
PA
MA
SB
MS
DV
GB
Anonymous
FGH
VM
TK
MA
MB

259155
107607
83305
47092
43210
33885
31001
26377
23879
19458
19340
14709
11327
results end here -------------------------------------------------------
