results start here -------------------------------------------------------
28142155
16949741
11738209
5414850
4355107
1205480
895559
0
0
0
0

137
58
20
28
14
25
0
0
0
0

102
46
15
21
13
11
0
0
0
0

63
31
9
17
10
4
0
0
0
0

1
2
3
4
5
6
0
0
0
0
PROCESSING SQUADS DONE
************************************************************************
***    "Team CloudBot"
************************************************************************
ADD these members to the sheet
MaBoNi
KRS
yahek
yuncoe
SS
Ancy
DehnRnR
2757154
1769917
1260068
279911
423330
383842
297560
228237
132814
1105669
279081
169847
94822
450313
-1
49158
290287
-1
125119
15851
31749
65833
93948
26730
62348
13869
8031
26861
450
45602
17106
11986
15779
58808
232
45725
3591
361
27450
0
1890
0
132
0
12785
4540
3890
0
4552
1866
0
0
0
0
5048
0
703
12890
0
0
0
8685
3348
68
98
0
0
23568
0
0
192044
30358
13198
243
79571
1470092
0
869222
330342
75862
4723
0
6806
0
2096
-1
1295
12190
29548
10826
3841
0
0
1287691
28651
879
18060
3367
48480
18
133239
409912
32024
882
0
0
7496
6343
8
0
0
-1
44695
11756
37425
693
0
0
49017
916
0
0
78502
4096
113524
0
2520
35055
425691
8145
0
5095
219047
36759
6953
6887
0
0
0

SB
Anonymous

106
0
************************************************************************
***    "All for Nash"
************************************************************************
ADD these members to the sheet
LoL HK
JCW
MA
Neno
HDHG
4535110
513806
375305
146379
1267860
46936
129551
36964
35307
1129
414
0
12
0
76982
0
188576
117867
69939
18834
0
5878
157389
0
1245739
170524
255
29968
24078
9933
-1
93
11212
0
510
227576
88684
599
0
382
0
0
196653
13297
20828
8556
73
-1
44380
7108
31571
1096
0
1254516
486100
81036
56966
2215
0

Anonymous

0
************************************************************************
***    "The Trading Club"
************************************************************************
ADD these members to the sheet
XYe
Albatros
3919679
72306
421068
41502
155704
15413
0
865
0
0
642596
115550
345
0
7562
6394
221
14918
721
0


************************************************************************
***    "Team Fabibi"
************************************************************************
ADD these members to the sheet
Thor
-1
244644
57838
25707
18652
90155
111408
36618
43242
13207
10641
16655
1394
28002
0
255204
0
0
1659
192
39881
0
0
21
-1
3284435
0
0
39123
36419


************************************************************************
***    "The Nashians "
************************************************************************
ADD these members to the sheet
40641
14015
-1
168777
81548
15045
63419
0
16606
3435
-1
68
567938
3535
39134
191314


************************************************************************
***    "Gunbot Team"
************************************************************************
ADD these members to the sheet
EJVO
707408
8150
3100
276
593
108992
0
0
4418
0
11577
0
46840
0
2029
0
0
2171
0
0
0

Anonymous
Anonymous
Anonymous
Anonymous

0
0
0
0
************************************************************************
***    "Solo"
************************************************************************
ADD these members to the sheet
DSR
MD
5CAR
DDS
4535110
3919679
2757154
-1
1254516
1769917
1260068
869222
40641
279911
423330
30048
188576
513806
375305
567938
383842
297560
114020
244644
425691
14015
146379
228237
-1
132814
57838
1105669
170524
279081
169847
227576
486100
94822
28193
1470092
707408
52865
1267860
117867
290287
330342
79571
75862
450313
1245739
17106
168777
111408
133239
90155
115550
29548
18652
48480
35055
409912
43242
63419
113524
421068
255204
-1
12167
72306
46936
76982
129551
81548
15256
12190
15045
29968
-1
168202
14037
124765
30358
15413
23568
36618
45602
45725
-1
125119
24078
196653
108992
65833
17067
1287691
48025
56966
88684
69939
21084
36964
41502
35622
155704
642596
972391
28651
157389
46840
25707
31749
10826
32024
93948
75072
44380
39123
40264
81036
35307
62348
34898
36759
28745
58808
39881
14918
19697
18060
10465
15851
22232
219047
36419
49158
18834
15402
26861
26730
3284435
13297
11212
-1
192044
44695
37425
17066
10959
15779
12785
12519
30406
78502
27450
11986
13869
13207
191314
12909
39134
16655
20828
439319
19458
16995
49017
13840
21686
12890
14590
11756
20689
12778
13202
31571
15895
12604
11577
10641

DV
TK
MS

28002
16606
13198
results end here -------------------------------------------------------
