results start here -------------------------------------------------------
24887529
14437537
8373205
4323764
3853495
1046937
877741
0
0
0
0

123
49
18
27
14
24
0
0
0
0

91
38
14
20
13
10
0
0
0
0

56
26
9
15
10
3
0
0
0
0

1
2
3
4
5
6
0
0
0
0
PROCESSING SQUADS DONE
************************************************************************
***    "Team CloudBot"
************************************************************************
ADD these members to the sheet
2472582
1629681
1122126
250886
321827
331925
285585
208381
120350
1075064
260462
146453
80605
343961
-1
42093
262009
-1
103215
15288
26563
51810
81193
18540
54863
11813
6512
17121
450
41544
17106
11558
13460
50851
232
34565
3150
361
18474
0
1498
0
132
0
12785
2449
3487
0
4552
1824
0
0
0
0
3757
0
703
8582
0
0
0
795
3348
68
0
0
0
23568
0
0
148117
25942
7804
243
65970
1333129
0
865980
308350
75862
3211
0
5891
0
2096
-1
1295
12190
29548
10826
2974
0
0
1147324
28651
879
16868
3367
43723
18
112157
286627
31180
713
0
0
7496
5899
8
0
0
-1
44695
8318
30942
613
0
0
24061
556
0
0
38775
106
104881
0

Anonymous

0
************************************************************************
***    "All for Nash"
************************************************************************
ADD these members to the sheet
iSeeYoBro
3827977
401207
314779
136508
1121984
40612
117171
27949
30720
1129
414
0
12
0
58005
0
159477
101712
58703
17911
0
5878
144603
0
1102028
145615
255
29968
20816
9597
-1
93
11212
0
450
191708
66760
599
0
382
0
0
153550
13297
14228
8556
73
0
37247

Anonymous

0
************************************************************************
***    "The Trading Club"
************************************************************************
ADD these members to the sheet
3457571
65747
372996
32912
115293
15413
0
865
0
0
137349
96990
345
0
7562
5729
68
14918


************************************************************************
***    "Team Fabibi"
************************************************************************
ADD these members to the sheet
-1
228524
49581
22933
18652
80662
107814
32929
42948
10801
8740
14052
1333
27392
0
209211
0
0
1069
192
28211
0
0
21
-1
2931807
0
0
36614


************************************************************************
***    "The Nashians "
************************************************************************
ADD these members to the sheet
40641
14015
-1
143644
67846
15045
62414
0
16606
3040
-1
68
499144
2912
29495
152062


************************************************************************
***    "Gunbot Team"
************************************************************************
ADD these members to the sheet
706425
8150
2823
276
257
105976
0
0
3717
0
7693
0
40390
0
2029
0
0
0
0
0

Anonymous
Anonymous
Anonymous
Anonymous

0
0
0
0
************************************************************************
***    "Solo"
************************************************************************
ADD these members to the sheet
3827977
3457571
2472582
-1
1161620
1629681
1122126
865980
40641
250886
321827
30048
159477
401207
314779
499144
331925
285585
104126
228524
342831
14015
136508
208381
-1
120350
49581
1075064
145615
260462
146453
191708
436414
80605
28193
1333129
706425
52865
1121984
101712
262009
308350
65970
75862
343961
1102028
17106
143644
107814
112157
80662
96990
29548
18652
43723
34653
286627
42948
62414
104881
372996
209211
-1
12167
65747
40612
58005
117171
67846
15256
12190
15045
29968
-1
168202
14037
100913
25942
15413
23568
32929
41544
34565
-1
103215
20816
153550
105976
51810
12216
1147324
28087
50567
66760
58703
17775
27949
32912
31469
115293
137349
972391
28651
144603
40390
22933
26563
10826
31180
81193
48833
37247
36614
40264
74881
30720
54863
29653
29158
28745
50851
28211
14918
19697
16868
10465
15288
22232
134979
33424
42093
17911
14473
17121
18540
2931807
13297
11212
-1
148117
44695
30942
14274
10348
13460
12785
12519
30406
38775
18474
11558
11813
10801
152062
12909
29495
14052
14228
439319
19458
16995
24061
13840

DV
TK

27392
16606
results end here -------------------------------------------------------
