results start here -------------------------------------------------------
43643399
27277444
17602281
8949002
6527190
2193103
1005050
0
0
0
0

138
63
20
28
14
25
0
0
0
0

105
52
16
22
14
11
0
0
0
0

74
38
9
18
10
4
0
0
0
0

1
2
3
4
5
6
0
0
0
0
PROCESSING SQUADS DONE
************************************************************************
***    "Team CloudBot"
************************************************************************
ADD these members to the sheet
4012831
2994719
2140205
455149
1004492
656184
352050
295200
190185
1114999
437909
275185
102505
755456
-1
56406
385164
-1
763450
20199
56189
155229
205344
54278
76148
21983
15591
27793
603
75922
18163
19115
25314
67084
487
79740
6949
361
93032
0
22235
0
1258
0
30738
10079
10960
0
4552
1866
0
0
0
0
14631
0
703
12890
36
0
0
8685
3367
68
200
0
0
23568
0
0
558907
49243
30803
243
159381
2387434
0
869222
405194
75862
58355
0
9565
0
2096
-1
1295
12190
-1
10844
8285
0
0
1501423
28651
879
44527
3367
60996
18
291327
833937
32024
960
0
0
9474
6343
8
0
0
-1
44927
20312
47454
693
0
0
223024
2938
0
0
160704
47092
210781
0
29013
35055
1048141
10520
1321
7106
607230
70190
47489
13992
0
3192
0
0
29653

SB
Anonymous

6269
0
************************************************************************
***    "All for Nash"
************************************************************************
ADD these members to the sheet
6482845
755091
654098
191428
1845680
65129
197647
45990
41211
2644
1390
0
12
0
126583
0
188576
369035
82429
31269
0
5878
180133
0
2043968
348786
436
29968
32836
10414
-1
238
13330
0
571
373352
204939
599
0
382
0
0
436316
19079
32984
12489
89
-1
93289
13683
112703
1096
11076
1354556
810950
247039
80544
2215
0
14069
10388
10199
6677
5926

Anonymous

0
************************************************************************
***    "The Trading Club"
************************************************************************
ADD these members to the sheet
5916973
130640
682129
52498
704241
17462
0
3834
0
0
1243768
145844
3094
110
7562
7232
673
31678
1256
0


************************************************************************
***    "Team Fabibi"
************************************************************************
ADD these members to the sheet
-1
301672
87961
132175
19667
117513
133355
56271
59827
18036
16556
20490
3099
30673
0
411301
0
137
3350
12585
68038
0
0
26
-1
4942401
0
0
41619
50428


************************************************************************
***    "The Nashians "
************************************************************************
ADD these members to the sheet
41125
14555
-1
173496
133622
16476
63419
722
18535
6151
-1
68
1262580
7850
53928
400569


************************************************************************
***    "Gunbot Team"
************************************************************************
ADD these members to the sheet
710646
9319
3149
1297
2969
195966
0
0
4999
0
14536
0
57963
0
2029
0
0
2171
0
0
0

Anonymous
Anonymous
Anonymous
Anonymous

0
0
0
0
************************************************************************
***    "Solo"
************************************************************************
ADD these members to the sheet
TUD
6482845
5916973
4012831
-1
1354556
2994719
2140205
869222
41125
455149
1004492
47092
188576
755091
654098
1262580
656184
352050
226346
301672
1048141
14555
191428
295200
-1
190185
87961
1114999
348786
437909
275185
373352
810950
102505
28217
2387434
710646
328643
1845680
369035
385164
405194
159381
75862
755456
2043968
18163
173496
133355
291327
117513
145844
-1
19667
60996
35055
833937
59827
63419
210781
682129
411301
-1
12167
130640
65129
126583
197647
133622
15256
12190
16476
29968
-1
168202
14037
228054
49243
17462
23568
56271
75922
79740
-1
763450
32836
436316
195966
155229
116296
1501423
98315
80544
204939
82429
48864
45990
52498
40042
704241
1243768
972391
28651
180133
57963
132175
56189
10844
32024
205344
154262
93289
41619
40264
247039
41211
76148
47934
70190
28745
67084
68038
31678
19697
44527
10465
20199
22232
607230
50428
56406
31269
53853
27793
54278
4942401
19079
13330
-1
558907
44927
47454
78393
17221
25314
30738
12519
66403
160704
93032
19115
21983
18036
400569
53053
53928
20490
32984
-1
19458
29242
223024
13840
21686
12890
19428
20312
27006
12778
17099
112703
27880
18230
14536
16556
38632
58355
19635
19254
12003
10414
22235
47489
11284
14069
29013
13992
224664
31642
12160
11037
15591
16590
11801
13649
12489
33253
14631
10200
29653
13683
12056
68697
27197
21943
18346
10520
10653
11666
11076
28282
15317
11341
10960
29137
12585
12159
10388
10079
10199

MA
SB
MS
MS
DV
TK
Anonymous
FGH
MA

68403
44695
42553
30803
30673
18535
16755
11938
11699
results end here -------------------------------------------------------
