results start here -------------------------------------------------------
29113392
17735539
12316037
5716269
4572631
1219356
899304
0
0
0
0

138
63
20
28
14
25
0
0
0
0

102
52
15
21
13
11
0
0
0
0

63
31
9
17
10
4
0
0
0
0

1
2
3
4
5
6
0
0
0
0
PROCESSING SQUADS DONE
************************************************************************
***    "Team CloudBot"
************************************************************************
ADD these members to the sheet
2880263
1857764
1329482
290346
454915
403753
303364
235156
138746
1105669
288382
175958
94822
493345
-1
51795
295340
-1
127835
16151
33596
70731
97410
28262
65558
14593
8705
27016
450
47665
17106
11986
16183
59718
232
45725
3591
361
29534
0
3969
0
132
0
12785
5026
3890
0
4552
1866
0
0
0
0
5450
0
703
12890
0
0
0
8685
3348
68
98
0
0
23568
0
0
219767
34532
14481
243
83641
1567556
0
869222
342520
75862
4916
0
6806
0
2096
-1
1295
12190
29548
10826
4297
0
0
1320895
28651
879
18509
3367
49127
18
137741
460073
32024
882
0
0
7496
6343
8
0
0
-1
44695
11756
37548
693
0
0
56918
916
0
0
99763
6091
115479
0
2520
35055
456518
8170
0
5573
245945
38573
7345
7475
0
0
0
0

SB
Anonymous

106
0
************************************************************************
***    "All for Nash"
************************************************************************
ADD these members to the sheet
4832797
518566
387521
147848
1325639
46936
129551
37772
36798
1129
414
0
12
0
79080
0
188576
119487
69939
19098
0
5878
159917
0
1273311
180850
255
29968
25316
9933
-1
93
11212
0
510
239891
94967
599
0
382
0
0
214450
13297
24247
8556
73
-1
46265
7167
42956
1096
1313
1283980
524900
86016
59767
2215
0
7978
6493
4692
3739
2562

Anonymous

0
************************************************************************
***    "The Trading Club"
************************************************************************
ADD these members to the sheet
4075140
74757
452903
43421
183809
15413
0
865
0
0
723221
116485
345
0
7562
6481
221
14918
721
0


************************************************************************
***    "Team Fabibi"
************************************************************************
ADD these members to the sheet
-1
249097
64563
34978
18652
90155
112106
37856
43880
13503
10787
18212
1560
28002
0
255204
0
0
1659
192
44037
0
0
26
-1
3471054
0
0
39123
37973


************************************************************************
***    "The Nashians "
************************************************************************
ADD these members to the sheet
40641
14015
-1
168777
82325
15045
63419
0
16606
3435
-1
68
574230
3690
39366
197732


************************************************************************
***    "Gunbot Team"
************************************************************************
ADD these members to the sheet
707408
8150
3100
276
593
112583
0
0
4418
0
11577
0
46994
0
2029
0
0
2171
0
0
0

Anonymous
Anonymous
Anonymous
Anonymous

0
0
0
0
************************************************************************
***    "Solo"
************************************************************************
ADD these members to the sheet
4832797
4075140
2880263
-1
1283980
1857764
1329482
869222
40641
290346
454915
30048
188576
518566
387521
574230
403753
303364
114020
249097
456518
14015
147848
235156
-1
138746
64563
1105669
180850
288382
175958
239891
524900
94822
28193
1567556
707408
52865
1325639
119487
295340
342520
83641
75862
493345
1273311
17106
168777
112106
137741
90155
116485
29548
18652
49127
35055
460073
43880
63419
115479
452903
255204
-1
12167
74757
46936
79080
129551
82325
15256
12190
15045
29968
-1
168202
14037
137124
34532
15413
23568
37856
47665
45725
-1
127835
25316
214450
112583
70731
17067
1320895
48025
59767
94967
69939
21084
37772
43421
35622
183809
723221
972391
28651
159917
46994
34978
33596
10826
32024
97410
75072
46265
39123
40264
86016
36798
65558
36097
38573
28745
59718
44037
14918
19697
18509
10465
16151
22232
245945
37973
51795
19098
17259
27016
28262
3471054
13297
11212
-1
219767
44695
37548
23372
10959
16183
12785
12519
30406
99763
29534
11986
14593
13503
197732
12909
39366
18212
24247
439319
19458
16995
56918
13840
21686
12890
14590
11756
20689
12778
14278
42956
15895
12604
11577
10787

DV
TK
MS

28002
16606
14481
results end here -------------------------------------------------------
