results start here -------------------------------------------------------
51478416
31340954
21137993
10545267
7361183
2508807
1033938
0
0
0
0

138
63
20
28
14
25
0
0
0
0

106
52
16
23
14
12
0
0
0
0

76
38
9
18
10
4
0
0
0
0

1
2
3
4
5
6
0
0
0
0
PROCESSING SQUADS DONE
************************************************************************
***    "Team CloudBot"
************************************************************************
ADD these members to the sheet
4792359
3422482
2364375
514553
1413780
844007
356598
295200
207271
1114999
495350
295110
102505
897944
-1
56406
385164
-1
1020009
22148
66759
182126
258752
62723
79152
24795
17972
27793
603
89699
18163
21427
28307
68137
749
84345
8764
361
128066
0
23877
0
1258
0
34489
13613
23597
312
4552
1866
0
0
0
0
15626
0
703
12890
36
0
0
8685
3682
68
200
0
0
23568
0
0
764813
49243
35616
243
159778
2818282
0
869222
412308
75862
58412
0
9900
0
2096
-1
1295
12190
-1
10844
10180
0
0
1501423
28651
879
58966
3367
60996
18
337948
859688
32024
960
0
0
9474
32198
8
0
0
-1
44927
25038
54839
1127
0
0
252466
3097
0
0
161303
47092
233142
0
34093
35055
1377357
10520
3723
7106
699457
79921
60070
16599
0
3192
0
0
29653

SB
Anonymous

6269
0
************************************************************************
***    "All for Nash"
************************************************************************
ADD these members to the sheet
8279989
870361
764596
191428
1922596
65529
220853
52105
41211
2644
1390
0
12
0
129287
0
188576
472297
87273
33359
0
5878
185749
0
2310064
462203
436
30127
32836
11857
-1
238
13330
0
571
422701
249312
4343
0
382
0
0
617631
19079
32984
12489
89
-1
109761
15340
112703
1096
11076
1355173
991563
666735
81203
2215
0
17547
12205
10467
7615
7465

Anonymous

0
************************************************************************
***    "The Trading Club"
************************************************************************
ADD these members to the sheet
7153582
151858
772583
54033
945575
18361
0
3834
0
0
1244530
145844
5694
787
7562
7298
673
31678
1366
0


************************************************************************
***    "Team Fabibi"
************************************************************************
ADD these members to the sheet
-1
301770
92931
132175
19667
121894
136761
59890
61297
18064
18392
20490
3461
33079
0
463316
164
137
3350
12585
68038
0
0
26
-1
5699078
0
0
41619
52988


************************************************************************
***    "The Nashians "
************************************************************************
ADD these members to the sheet
41125
14721
-1
173496
167645
16507
63424
722
18535
7120
-1
68
1508597
9177
53928
433735


************************************************************************
***    "Gunbot Team"
************************************************************************
ADD these members to the sheet
711445
9319
3149
1297
4219
219092
0
0
6112
1832
14536
0
58731
0
2029
0
0
2171
0
0
0

Anonymous
Anonymous
Anonymous
Anonymous

0
0
0
0
************************************************************************
***    "Solo"
************************************************************************
ADD these members to the sheet
LX
JMH
RBMO
8279989
7153582
4792359
-1
1355173
3422482
2364375
869222
41125
514553
1413780
59519
188576
870361
764596
1508597
844007
356598
226346
301770
1377357
14721
191428
295200
-1
207271
92931
1114999
462203
495350
295110
422701
991563
102505
28272
2818282
711445
812331
1922596
472297
385164
412308
159778
75862
897944
2310064
18163
173496
136761
337948
121894
145844
-1
19667
60996
35055
859688
61297
63424
233142
772583
463316
-1
12167
151858
65529
129287
220853
167645
15256
12190
16507
30127
-1
168202
14037
276618
49243
18361
23568
59890
89699
84345
-1
1020009
32836
617631
219092
182126
168905
1501423
98315
139962
249312
87273
83513
52105
54033
40042
945575
1244530
972391
28651
185749
58731
132175
66759
10844
32024
258752
154262
109761
41619
40264
666735
41211
79152
50306
79921
28745
68137
68038
31678
19697
58966
10465
22148
30304
699457
52988
56406
33359
53853
27793
62723
5699078
19079
13330
-1
764813
44927
54839
88189
17221
28307
34489
12519
114636
161303
128066
21427
24795
18064
433735
53053
53928
20490
32984
-1
25984
44343
252466
13840
21686
12890
19428
25038
27006
12778
17968
112703
27880
18230
14536
18392
74164
58412
22781
19254
12003
11857
23877
60070
12225
17547
34093
16599
224664
158446
12175
11037
17972
16590
12770
17443
12489
44395
15626
10200
29653
15340
12056
102271
27197
21943
18356
10520
10653
11719
11076
123251
15317
16244
23597
72823
12585
12159
12205
13613
10467
32198
30969
10167
62352
10180
31001
13498
10199
11472
24488
12837
10096

MA
MS
SB
MS
DV
Anonymous
VM
TK
FGH
MA

81203
50487
47092
35616
33079
26263
19458
18535
11938
11699
results end here -------------------------------------------------------
