results start here -------------------------------------------------------
31545745
19614596
13258052
6296810
5318200
1301275
928456
0
0
0
0

138
63
20
28
14
25
0
0
0
0

102
52
16
21
14
11
0
0
0
0

64
32
9
17
10
4
0
0
0
0

1
2
3
4
5
6
0
0
0
0
PROCESSING SQUADS DONE
************************************************************************
***    "Team CloudBot"
************************************************************************
ADD these members to the sheet
3067021
2118079
1477474
322291
526727
452175
320239
244286
159215
1105669
323534
194581
102505
536132
-1
56084
331048
-1
158137
18470
37487
88351
107487
34246
71712
15153
9022
27754
450
51059
17106
12345
18596
64317
232
54404
4361
361
46773
0
9018
0
132
0
16531
5710
3999
0
4552
1866
0
0
0
0
7863
0
703
12890
0
0
0
8685
3348
68
98
0
0
23568
0
0
276926
38342
18403
243
94223
1682455
0
869222
359381
75862
44492
0
7523
0
2096
-1
1295
12190
29548
10826
5330
0
0
1501423
28651
879
20320
3367
53770
18
158831
531451
32024
934
0
0
7496
6343
8
0
0
-1
44695
13414
37548
693
0
0
96548
1507
0
0
141411
6091
135261
0
9703
35055
558651
8713
0
5962
311102
44335
8032
7930
0
0
0
0

SB
Anonymous

106
0
************************************************************************
***    "All for Nash"
************************************************************************
ADD these members to the sheet
5237224
542962
414451
149297
1462800
49068
129551
38520
41211
1129
1390
0
12
0
105093
0
188576
128849
69939
20684
0
5878
165928
0
1321026
204160
255
29968
26579
10062
-1
93
11633
0
510
265898
122509
599
0
382
0
0
214450
13297
31776
8556
73
-1
55118
7492
79565
1096
2507
1338907
576223
88799
64737
2215
0
8332
7220
4692
3973
2760

Anonymous

0
************************************************************************
***    "The Trading Club"
************************************************************************
ADD these members to the sheet
4367013
90313
492442
45891
284629
15413
0
1705
0
0
845016
116975
345
28
7562
7138
221
21391
721
0


************************************************************************
***    "Team Fabibi"
************************************************************************
ADD these members to the sheet
-1
264726
67815
46839
19643
90155
115209
42280
48813
14715
11538
20008
1794
28002
0
255204
0
0
2746
192
52404
0
0
26
-1
4149378
0
0
39161
47542


************************************************************************
***    "The Nashians "
************************************************************************
ADD these members to the sheet
40641
14015
-1
168777
99161
15045
63419
253
16606
4034
-1
68
614787
4325
39366
220772


************************************************************************
***    "Gunbot Team"
************************************************************************
ADD these members to the sheet
708766
8150
3100
1297
1267
133719
0
0
4978
0
13617
0
49357
0
2029
0
0
2171
0
0
0

Anonymous
Anonymous
Anonymous
Anonymous

0
0
0
0
************************************************************************
***    "Solo"
************************************************************************
ADD these members to the sheet
5237224
4367013
3067021
-1
1338907
2118079
1477474
869222
40641
322291
526727
30048
188576
542962
414451
614787
452175
320239
125228
264726
558651
14015
149297
244286
-1
159215
67815
1105669
204160
323534
194581
265898
576223
102505
28193
1682455
708766
52865
1462800
128849
331048
359381
94223
75862
536132
1321026
17106
168777
115209
158831
90155
116975
29548
19643
53770
35055
531451
48813
63419
135261
492442
255204
-1
12167
90313
49068
105093
129551
99161
15256
12190
15045
29968
-1
168202
14037
152878
38342
15413
23568
42280
51059
54404
-1
158137
26579
214450
133719
88351
28995
1501423
56795
64737
122509
69939
21084
38520
45891
35622
284629
845016
972391
28651
165928
49357
46839
37487
10826
32024
107487
75420
55118
39161
40264
88799
41211
71712
38500
44335
28745
64317
52404
21391
19697
20320
10465
18470
22232
311102
47542
56084
20684
38999
27754
34246
4149378
13297
11633
-1
276926
44695
37548
29303
10959
18596
16531
12519
30406
141411
46773
12345
15153
14715
220772
12909
39366
20008
31776
439319
19458
16995
96548
13840
21686
12890
14590
13414
20689
12778
14919
79565
15895
14471
13617
11538
13996
44492
13359
11261
12003
10062

DV
MS
TK

28002
18403
16606
results end here -------------------------------------------------------
