results start here -------------------------------------------------------
69264437
39594166
28038122
13489431
8157641
3590645
1112357
0
0
0
0

138
63
20
28
14
25
0
0
0
0

107
52
17
24
14
12
0
0
0
0

80
39
11
18
12
4
0
0
0
0

1
2
3
4
5
6
0
0
0
0
PROCESSING SQUADS DONE
************************************************************************
***    "Team CloudBot"
************************************************************************
ADD these members to the sheet
6481522
4635020
2433597
760793
1809428
1264751
357577
295200
358496
1148427
659759
341110
102505
1384856
-1
56406
385164
-1
1321516
25297
114024
255006
437402
82204
203892
28975
25311
27974
603
132194
19444
26736
42299
194405
2002
111687
10077
361
215028
0
47103
0
1645
0
47219
18675
26855
1403
4552
1866
0
0
0
0
15805
0
703
12890
36
0
0
8685
6656
68
208
0
971
32094
0
0
1385704
49243
43210
243
159778
3025381
0
869222
532160
75862
70133
0
11587
0
2096
-1
1295
12190
-1
10844
10180
0
0
1501423
28651
879
115579
3367
63089
18
524768
916109
32024
1368
0
0
11211
91963
8
0
0
-1
44927
29529
73786
16788
0
0
324408
5215
0
0
161384
47092
355847
0
56283
35055
1493765
11003
4203
7106
1114800
115031
108502
22212
0
3192
0
0
29653

SB
Anonymous

6269
0
************************************************************************
***    "All for Nash"
************************************************************************
ADD these members to the sheet
11298109
1114688
1039711
191428
2192755
76460
268345
53581
41211
2644
1390
0
152
0
137275
0
188576
697614
107918
39359
0
7409
497580
0
2769747
681056
635
30127
32836
20820
-1
238
13330
0
571
576560
311033
20751
0
7688
0
0
855705
30036
32984
12489
546
-1
127504
23331
112703
1096
11076
1589979
1376660
1287966
83305
2215
0
24843
14881
10467
9251
9462

Anonymous

0
************************************************************************
***    "The Trading Club"
************************************************************************
ADD these members to the sheet
9332840
228360
920379
56346
1461686
19646
0
3834
0
0
1247807
146083
10034
2633
7562
17897
791
31678
1485
360


************************************************************************
***    "Team Fabibi"
************************************************************************
ADD these members to the sheet
-1
301770
108200
135213
19732
131896
141650
73687
74664
18229
19246
20733
4183
33885
0
581485
164
1854
3350
12633
68038
0
12
2329
-1
6300577
0
0
50491
53608


************************************************************************
***    "The Nashians "
************************************************************************
ADD these members to the sheet
47476
16182
-1
173549
237143
16538
66624
1755
19340
10498
-1
68
2413840
11550
66053
510022


************************************************************************
***    "Gunbot Team"
************************************************************************
ADD these members to the sheet
712486
9319
3149
1297
8973
275581
0
0
8535
3856
16558
0
68398
0
2029
0
0
2171
0
0
0

Anonymous
Anonymous
Anonymous
Anonymous

0
0
0
0
************************************************************************
***    "Solo"
************************************************************************
ADD these members to the sheet
11298109
9332840
6481522
-1
1589979
4635020
2433597
869222
47476
760793
1809428
119743
188576
1114688
1039711
2413840
1264751
357577
365807
301770
1493765
16182
191428
295200
-1
358496
108200
1148427
681056
659759
341110
576560
1376660
102505
28477
3025381
712486
2318852
2192755
697614
385164
532160
159778
75862
1384856
2769747
19444
173549
141650
524768
131896
146083
-1
19732
63089
35055
916109
74664
66624
355847
920379
581485
-1
12167
228360
76460
137275
268345
237143
15256
12190
16538
30127
-1
168202
15560
460897
49243
19646
32094
73687
132194
111687
-1
1321516
32836
855705
275581
255006
189491
1501423
98315
139962
311033
107918
108636
53581
56346
44681
1461686
1247807
1052707
28651
497580
68398
135213
114024
10844
32024
437402
198549
127504
50491
40264
1287966
41211
203892
66400
115031
68637
194405
68038
31678
19697
115579
11326
25297
58123
1114800
53608
56406
39359
53853
27974
82204
6300577
30036
13330
-1
1385704
44927
73786
88189
17246
42299
47219
13042
265657
161384
215028
26736
28975
18229
510022
82843
66053
20733
32984
-1
39070
54862
324408
13840
21686
12890
19428
29529
27006
12778
20807
112703
27880
18783
16558
19246
121790
70133
27545
29861
12003
20820
47103
108502
13983
24843
56283
22212
224664
161456
19979
22231
25311
40936
16718
29858
12489
98818
15805
16512
29653
23331
16806
102271
27471
26427
116466
11003
11424
15840
11076
123251
34128
19753
26855
118455
12633
12159
14881
18675
10467
91963
31067
12576
138252
10180
59110
30656
11743
14206
24488
26754
11037
186469
40883
72176
144636
25610
16881
22678
277699
11587
17897
14026
20751
22402
15089
62785
12632
11699
11211
32593
10077
11550
13546
16788
10547
15960
11278
10954
10034
12932
10498
14222

MS
PA
MA
SB
MS
DV
GB
Anonymous
FGH
VM
TK
MA
MB

250124
107412
83305
47092
43210
33885
31001
26377
23879
19458
19340
14709
11327
results end here -------------------------------------------------------
