results start here -------------------------------------------------------
60115286
34806613
23961189
11639558
7997471
3072666
1085645
0
0
0
0

138
63
20
28
14
25
0
0
0
0

106
52
17
24
14
12
0
0
0
0

77
39
10
18
10
4
0
0
0
0

1
2
3
4
5
6
0
0
0
0
PROCESSING SQUADS DONE
************************************************************************
***    "Team CloudBot"
************************************************************************
ADD these members to the sheet
5425576
3909032
2433597
620279
1608105
966301
357577
295200
242460
1119487
559706
318306
102505
1027273
-1
56406
385164
-1
1232323
22148
87429
212412
325171
75170
196157
28337
22429
27793
603
105644
19444
25356
33666
181672
1164
106583
9804
361
167471
0
28982
0
1645
0
44679
18675
24773
1403
4552
1866
0
0
0
0
15805
0
703
12890
36
0
0
8685
3890
68
200
0
0
32094
0
0
986715
49243
39617
243
159778
2833838
0
869222
449112
75862
66161
0
10090
0
2096
-1
1295
12190
-1
10844
10180
0
0
1501423
28651
879
76313
3367
61900
18
409868
896599
32024
960
0
0
9917
75999
8
0
0
-1
44927
28733
64814
4627
0
0
284132
4035
0
0
161384
47092
284257
0
51074
35055
1416264
10520
3723
7106
929574
107537
79062
20062
0
3192
0
0
29653

SB
Anonymous

6269
0
************************************************************************
***    "All for Nash"
************************************************************************
ADD these members to the sheet
9092732
1029007
920001
191428
2027437
68760
244848
52282
41211
2644
1390
0
12
0
134410
0
188576
559096
103217
36235
0
7398
212686
0
2663143
570544
436
30127
32836
18176
-1
238
13330
0
571
483104
293164
12771
0
407
0
0
768797
24550
32984
12489
89
-1
121788
19261
112703
1096
11076
1364302
1134056
1178182
81499
2215
0
20626
14054
10467
9251
9462

Anonymous

0
************************************************************************
***    "The Trading Club"
************************************************************************
ADD these members to the sheet
7922143
172074
842892
56346
1167423
19646
0
3834
0
0
1246262
145844
6547
1900
7562
12881
791
31678
1366
360


************************************************************************
***    "Team Fabibi"
************************************************************************
ADD these members to the sheet
-1
301770
92931
135213
19732
131743
137884
67160
73758
18064
19097
20733
4053
33680
0
581485
164
137
3350
12633
68038
0
12
44
-1
6180768
0
0
41619
53393


************************************************************************
***    "The Nashians "
************************************************************************
ADD these members to the sheet
41125
15129
-1
173496
219052
16538
66624
752
19340
8502
-1
68
1970747
9956
59738
471593


************************************************************************
***    "Gunbot Team"
************************************************************************
ADD these members to the sheet
712486
9319
3149
1297
8068
254116
0
0
8112
1832
16558
0
66503
0
2029
0
0
2171
0
0
0

Anonymous
Anonymous
Anonymous
Anonymous

0
0
0
0
************************************************************************
***    "Solo"
************************************************************************
ADD these members to the sheet
9092732
7922143
5425576
-1
1364302
3909032
2433597
869222
41125
620279
1608105
87642
188576
1029007
920001
1970747
966301
357577
344868
301770
1416264
15129
191428
295200
-1
242460
92931
1119487
570544
559706
318306
483104
1134056
102505
28477
2833838
712486
1671902
2027437
559096
385164
449112
159778
75862
1027273
2663143
19444
173496
137884
409868
131743
145844
-1
19732
61900
35055
896599
73758
66624
284257
842892
581485
-1
12167
172074
68760
134410
244848
219052
15256
12190
16538
30127
-1
168202
14133
364826
49243
19646
32094
67160
105644
106583
-1
1232323
32836
768797
254116
212412
171315
1501423
98315
139962
293164
103217
101440
52282
56346
42356
1167423
1246262
972391
28651
212686
66503
135213
87429
10844
32024
325171
198549
121788
41619
40264
1178182
41211
196157
57597
107537
28745
181672
68038
31678
19697
76313
11326
22148
30304
929574
53393
56406
36235
53853
27793
75170
6180768
24550
13330
-1
986715
44927
64814
88189
17246
33666
44679
13042
265657
161384
167471
25356
28337
18064
471593
67866
59738
20733
32984
-1
39070
54339
284132
13840
21686
12890
19428
28733
27006
12778
20807
112703
27880
18783
16558
19097
110227
66161
27545
23528
12003
18176
28982
79062
13983
20626
51074
20062
224664
158446
19913
11037
22429
16590
14751
23649
12489
71205
15805
10200
29653
19261
13917
102271
27197
26427
27790
10520
10653
15840
11076
123251
26352
19139
24773
118445
12633
12159
14054
18675
10467
75999
30969
12576
109448
10180
31001
20935
10199
12873
24488
26754
10096
171336
40883
72176
122815
14114
16881
18202
232647
10090
12881
14026
12771
18299
15089
13863
12632
10157

MS
PA
MA
SB
MS
DV
Anonymous
VM
TK
MA
FGH

232869
101042
81499
47092
39617
33680
26377
19458
19340
14709
11938
results end here -------------------------------------------------------
