results start here -------------------------------------------------------
33346910
20876432
14131174
6840730
5587165
1390036
938694
0
0
0
0

138
63
20
28
14
25
0
0
0
0

102
52
16
21
14
11
0
0
0
0

67
32
9
17
10
4
0
0
0
0

1
2
3
4
5
6
0
0
0
0
PROCESSING SQUADS DONE
************************************************************************
***    "Team CloudBot"
************************************************************************
ADD these members to the sheet
3253744
2200445
1664924
350423
591035
466446
337274
249281
163104
1105669
338968
217320
102505
560142
-1
56084
343364
-1
271196
18907
40814
96679
125331
36718
72971
15948
9022
27754
603
53696
17106
14157
19445
65396
272
54404
4535
361
56864
0
12154
0
132
0
16531
5747
3999
0
4552
1866
0
0
0
0
8832
0
703
12890
0
0
0
8685
3354
68
200
0
0
23568
0
0
331564
40130
22270
243
112079
1728554
0
869222
371553
75862
49058
0
8239
0
2096
-1
1295
12190
29548
10826
5390
0
0
1501423
28651
879
21605
3367
57707
18
168935
551581
32024
934
0
0
7496
6343
8
0
0
-1
44927
17024
39141
693
0
0
138883
1819
0
0
159384
30646
144939
0
9703
35055
645130
8713
0
5962
353465
46404
22417
8706
0
0
0
0

SB
Anonymous

6091
0
************************************************************************
***    "All for Nash"
************************************************************************
ADD these members to the sheet
5669417
587060
444171
159383
1526010
49763
129551
38520
41211
1129
1390
0
12
0
107434
0
188576
131153
69939
21378
0
5878
168665
0
1386514
219810
255
29968
27717
10062
-1
93
12438
0
510
282990
134023
599
0
382
0
0
303133
13297
32984
8556
73
-1
61143
7492
105483
1096
4350
1347703
613138
91263
65026
2215
0
8977
7581
4692
4089
2859

Anonymous

0
************************************************************************
***    "The Trading Club"
************************************************************************
ADD these members to the sheet
4704854
98692
524216
45891
348894
16462
0
1705
0
0
944776
116975
345
28
7562
7138
245
22218
721
0


************************************************************************
***    "Team Fabibi"
************************************************************************
ADD these members to the sheet
-1
284401
69953
85984
19643
92679
115707
45774
48813
14975
11994
20008
1802
28002
0
255204
0
0
3350
192
57223
0
0
26
-1
4343880
0
0
40004
47542


************************************************************************
***    "The Nashians "
************************************************************************
ADD these members to the sheet
40641
14015
-1
168777
115271
15045
63419
253
17330
4441
-1
68
640980
4529
42596
262666


************************************************************************
***    "Gunbot Team"
************************************************************************
ADD these members to the sheet
708766
8150
3100
1297
1315
143263
0
0
4999
0
13617
0
49983
0
2029
0
0
2171
0
0
0

Anonymous
Anonymous
Anonymous
Anonymous

0
0
0
0
************************************************************************
***    "Solo"
************************************************************************
ADD these members to the sheet
5669417
4704854
3253744
-1
1347703
2200445
1664924
869222
40641
350423
591035
30646
188576
587060
444171
640980
466446
337274
125228
284401
645130
14015
159383
249281
-1
163104
69953
1105669
219810
338968
217320
282990
613138
102505
28193
1728554
708766
52865
1526010
131153
343364
371553
112079
75862
560142
1386514
17106
168777
115707
168935
92679
116975
29548
19643
57707
35055
551581
48813
63419
144939
524216
255204
-1
12167
98692
49763
107434
129551
115271
15256
12190
15045
29968
-1
168202
14037
161811
40130
16462
23568
45774
53696
54404
-1
271196
27717
303133
143263
96679
61426
1501423
60105
65026
134023
69939
24076
38520
45891
35622
348894
944776
972391
28651
168665
49983
85984
40814
10826
32024
125331
85589
61143
40004
40264
91263
41211
72971
38500
46404
28745
65396
57223
22218
19697
21605
10465
18907
22232
353465
47542
56084
21378
40684
27754
36718
4343880
13297
12438
-1
331564
44927
39141
29303
10959
19445
16531
12519
30406
159384
56864
14157
15948
14975
262666
12909
42596
20008
32984
439319
19458
16995
138883
13840
21686
12890
14590
17024
20689
12778
15036
105483
15895
14471
13617
11994
13996
49058
13359
12066
12003
10062
12154
22417

SB
DV
MS
TK

30048
28002
22270
17330
results end here -------------------------------------------------------
