results start here -------------------------------------------------------
19658974
11799464
6432618
3394479
2881121
802920
819489
0
0
0
0

115
44
17
25
14
23
0
0
0
0

85
34
13
17
12
10
0
0
0
0

50
24
8
12
9
3
0
0
0
0

1
2
3
4
6
5
0
0
0
0
PROCESSING SQUADS DONE
************************************************************************
***    "Team CloudBot"
************************************************************************
ADD these members to the sheet
1992891
1449083
881122
180779
278310
289777
271378
127098
120350
832240
209229
121595
80605
310584
-1
27401
213797
-1
57987
13357
21553
40111
45034
12763
44670
9325
5408
11672
450
36312
14995
8900
11130
33823
232
25718
2674
361
8377
0
819
0
132
0
11063
2449
3093
0
0
1824
0
0
0
0
588
0
703
6374
0
0
0
795
3348
68
0
0
0
23568
0
0
73206
15581
5865
243
59341
1110907
0
842921
268604
75862
1216
0
5711
0
2096
-1
1295
12190
29548
10826
2113
0
0
881764
28651
879
14565
3367
39195
18
90665
258901
30886
713
0
0
7496
4093
8
0
0
-1
44695
4739
24862
488
0
0

Anonymous

0
************************************************************************
***    "All for Nash"
************************************************************************
ADD these members to the sheet
2982295
250665
265559
106670
882549
26346
95019
25740
26006
1129
414
0
12
0
48588
0
144669
86084
53767
17115
0
1580
117618
0
813999
115079
255
29968
20757
9049
-1
82
11212
0
295
159704
50676
297
0
382
0
0
75724
13297

Anonymous

0
************************************************************************
***    "The Trading Club"
************************************************************************
ADD these members to the sheet
2745446
54654
345387
25150
69234
15413
0
865
0
0
58044
68014
345
0
7562
4292
68


************************************************************************
***    "Team Fabibi"
************************************************************************
ADD these members to the sheet
-1
199201
43677
22933
18163
65333
91783
29287
38978
9872
6844
9389
1227
27246
0
118126
0
0
0
192
20441
0
0
0
-1
2178423
0


************************************************************************
***    "The Nashians "
************************************************************************
ADD these members to the sheet
40641
14015
113249
109688
53888
15045
60391
0
14213
2801
-1
68
376564
2350
0


************************************************************************
***    "Gunbot Team"
************************************************************************
ADD these members to the sheet
700296
2846
1265
94
207
77037
0
0
3494
0
5215
0
27801
0
1230
0
0
0
0

Anonymous
Anonymous
Anonymous
Anonymous

0
0
0
0
************************************************************************
***    "Solo"
************************************************************************
ADD these members to the sheet
2982295
2745446
1992891
-1
1119142
1449083
881122
842921
40641
180779
278310
30048
144669
250665
265559
376564
289777
271378
98194
199201
262464
14015
106670
127098
113249
120350
43677
832240
115079
209229
121595
159704
356340
80605
28193
1110907
700296
52865
882549
86084
213797
268604
59341
75862
310584
813999
14995
109688
91783
90665
65333
68014
29548
18163
39195
33532
258901
38978
60391
86897
345387
118126
-1
12167
54654
26346
48588
95019
53888
15256
12190
15045
29968
-1
160541
14037
71885
15581
15413
23568
29287
36312
25718
-1
57987
20757
75724
77037
40111
12216
881764
23080
25642
50676
53767
17010
25740
25150
23375
69234
58044
705855
28651
117618
27801
22933
21553
10826
30886
45034
23111
27595
23394
40264
47744
26006
44670
26225
21510
28745
33823
20441
14775
19697
14565
10465
13357
22232
92358
27448
27401
17115
13240
11672
12763
2178423
13297
11212
-1
73206
44695
24862
12680
10348
11130
11063
10833

DV
TK

27246
14213
results end here -------------------------------------------------------
