results start here -------------------------------------------------------
62562862
36296649
24991350
12352060
8126944
3207173
1096690
0
0
0
0

138
63
20
28
14
25
0
0
0
0

106
52
17
24
14
12
0
0
0
0

79
39
10
18
11
4
0
0
0
0

1
2
3
4
5
6
0
0
0
0
PROCESSING SQUADS DONE
************************************************************************
***    "Team CloudBot"
************************************************************************
ADD these members to the sheet
5756143
4082758
2433597
650362
1749245
1026466
357577
295200
270927
1134002
586782
327164
102505
1115272
-1
56406
385164
-1
1305840
22857
91136
223829
341281
80276
198159
28975
23333
27793
603
109970
19444
26736
35404
184662
1164
108088
10077
361
187645
0
31253
0
1645
0
46635
18675
25814
1403
4552
1866
0
0
0
0
15805
0
703
12890
36
0
0
8685
3890
68
200
0
0
32094
0
0
1085111
49243
41317
243
159778
2941250
0
869222
470735
75862
66161
0
11587
0
2096
-1
1295
12190
-1
10844
10180
0
0
1501423
28651
879
80608
3367
61900
18
429014
916109
32024
960
0
0
10830
83706
8
0
0
-1
44927
29137
69680
6999
0
0
292958
4047
0
0
161384
47092
297167
0
55087
35055
1426844
10520
3723
7106
1019442
111752
92968
21566
0
3192
0
0
29653

SB
Anonymous

6269
0
************************************************************************
***    "All for Nash"
************************************************************************
ADD these members to the sheet
9583994
1052304
966307
191428
2058427
71501
250278
52802
41211
2644
1390
0
12
0
135785
0
188576
577508
104304
38571
0
7398
219639
0
2749715
608455
436
30127
32836
19082
-1
238
13330
0
571
501651
308007
13376
0
428
0
0
799990
29984
32984
12489
546
-1
127504
20082
112703
1096
11076
1446726
1201502
1221019
82734
2215
0
22346
14816
10467
9251
9462

Anonymous

0
************************************************************************
***    "The Trading Club"
************************************************************************
ADD these members to the sheet
8405860
179305
862287
56346
1362757
19646
0
3834
0
0
1246262
145844
8052
2203
7562
17897
791
31678
1366
360


************************************************************************
***    "Team Fabibi"
************************************************************************
ADD these members to the sheet
-1
301770
94394
135213
19732
131859
139216
69147
74335
18064
19097
20733
4123
33680
0
581485
164
137
3350
12633
68038
0
12
44
-1
6300577
0
0
45522
53608


************************************************************************
***    "The Nashians "
************************************************************************
ADD these members to the sheet
44217
15129
-1
173549
235891
16538
66624
752
19340
8935
-1
68
2075237
10004
66053
474830


************************************************************************
***    "Gunbot Team"
************************************************************************
ADD these members to the sheet
712486
9319
3149
1297
8854
263466
0
0
8112
1832
16558
0
67411
0
2029
0
0
2171
0
0
0

Anonymous
Anonymous
Anonymous
Anonymous

0
0
0
0
************************************************************************
***    "Solo"
************************************************************************
ADD these members to the sheet
bakey
9583994
8405860
5756143
-1
1446726
4082758
2433597
869222
44217
650362
1749245
101363
188576
1052304
966307
2075237
1026466
357577
365575
301770
1426844
15129
191428
295200
-1
270927
94394
1134002
608455
586782
327164
501651
1201502
102505
28477
2941250
712486
1671902
2058427
577508
385164
470735
159778
75862
1115272
2749715
19444
173549
139216
429014
131859
145844
-1
19732
61900
35055
916109
74335
66624
297167
862287
581485
-1
12167
179305
71501
135785
250278
235891
15256
12190
16538
30127
-1
168202
14133
398512
49243
19646
32094
69147
109970
108088
-1
1305840
32836
799990
263466
223829
183129
1501423
98315
139962
308007
104304
108636
52802
56346
42356
1362757
1246262
972391
28651
219639
67411
135213
91136
10844
32024
341281
198549
127504
45522
40264
1221019
41211
198159
66400
111752
30581
184662
68038
31678
19697
80608
11326
22857
30304
1019442
53608
56406
38571
53853
27793
80276
6300577
29984
13330
-1
1085111
44927
69680
88189
17246
35404
46635
13042
265657
161384
187645
26736
28975
18064
474830
82125
66053
20733
32984
-1
39070
54339
292958
13840
21686
12890
19428
29137
27006
12778
20807
112703
27880
18783
16558
19097
121790
66161
27545
23528
12003
19082
31253
92968
13983
22346
55087
21566
224664
161247
19946
11037
23333
16590
16718
23649
12489
87634
15805
13290
29653
20082
13917
102271
27197
26427
27790
10520
11424
15840
11076
123251
26708
19753
25814
118445
12633
12159
14816
18675
10467
83706
30969
12576
138252
10180
31001
24008
10199
14206
24488
26754
10096
186469
40883
72176
144636
14114
16881
18202
277699
11587
17897
14026
13376
22402
15089
20349
12632
11118
10830
32593
10077
10004

MS
PA
MA
SB
MS
DV
Anonymous
FGH
VM
TK
MA

240023
107412
82734
47092
41317
33680
26377
23879
19458
19340
14709
results end here -------------------------------------------------------
