results start here -------------------------------------------------------
56109314
33065505
22834628
11078965
7554742
2791694
1056546
0
0
0
0

138
63
20
28
14
25
0
0
0
0

106
52
16
23
14
12
0
0
0
0

77
38
9
18
10
4
0
0
0
0

1
2
3
4
5
6
0
0
0
0
PROCESSING SQUADS DONE
************************************************************************
***    "Team CloudBot"
************************************************************************
ADD these members to the sheet
5063313
3627489
2422300
573036
1501607
914411
356598
295200
219503
1116375
528735
306112
102505
966637
-1
56406
385164
-1
1140216
22148
77082
195930
288810
67688
193164
26406
18975
27793
603
97696
19444
22535
30002
166575
749
93326
9199
361
147709
0
24177
0
1645
0
38214
17118
23995
1403
4552
1866
0
0
0
0
15805
0
703
12890
36
0
0
8685
3890
68
200
0
0
27516
0
0
882807
49243
37940
243
159778
2818282
0
869222
428727
75862
63850
0
10090
0
2096
-1
1295
12190
-1
10844
10180
0
0
1501423
28651
879
68260
3367
60996
18
369451
887832
32024
960
0
0
9731
50958
8
0
0
-1
44927
28733
59818
4355
0
0
267840
3657
0
0
161384
47092
248145
0
40844
35055
1416264
10520
3723
7106
756960
91402
68246
18496
0
3192
0
0
29653

SB
Anonymous

6269
0
************************************************************************
***    "All for Nash"
************************************************************************
ADD these members to the sheet
8838405
1021210
835858
191428
1964177
67648
232759
52244
41211
2644
1390
0
12
0
131165
0
188576
491272
99095
34465
0
7398
199296
0
2481357
520777
436
30127
32836
14718
-1
238
13330
0
571
453002
265298
7762
0
382
0
0
675634
19206
32984
12489
89
-1
116480
17524
112703
1096
11076
1356032
1060018
1054961
81203
2215
0
19206
13228
10467
8282
8622

Anonymous

0
************************************************************************
***    "The Trading Club"
************************************************************************
ADD these members to the sheet
7536645
161213
800543
56346
1052646
19385
0
3834
0
0
1244530
145844
6000
846
7562
9821
697
31678
1366
0


************************************************************************
***    "Team Fabibi"
************************************************************************
ADD these members to the sheet
-1
301770
92931
133348
19732
122908
137884
63655
67764
18064
18848
20490
3959
33680
0
463316
164
137
3350
12585
68038
0
0
44
-1
5877052
0
0
41619
53393


************************************************************************
***    "The Nashians "
************************************************************************
ADD these members to the sheet
41125
15129
-1
173496
202008
16538
63424
733
19145
7612
-1
68
1734834
9884
53928
453763


************************************************************************
***    "Gunbot Team"
************************************************************************
ADD these members to the sheet
712195
9319
3149
1297
6440
232628
0
0
6413
1832
16558
0
62509
0
2029
0
0
2171
0
0
0

Anonymous
Anonymous
Anonymous
Anonymous

0
0
0
0
************************************************************************
***    "Solo"
************************************************************************
ADD these members to the sheet
JYL
Lio
8838405
7536645
5063313
-1
1356032
3627489
2422300
869222
41125
573036
1501607
74151
188576
1021210
835858
1734834
914411
356598
321275
301770
1416264
15129
191428
295200
-1
219503
92931
1116375
520777
528735
306112
453002
1060018
102505
28272
2818282
712195
1305175
1964177
491272
385164
428727
159778
75862
966637
2481357
19444
173496
137884
369451
122908
145844
-1
19732
60996
35055
887832
67764
63424
248145
800543
463316
-1
12167
161213
67648
131165
232759
202008
15256
12190
16538
30127
-1
168202
14037
319602
49243
19385
27516
63655
97696
93326
-1
1140216
32836
675634
232628
195930
168905
1501423
98315
139962
265298
99095
95172
52244
56346
42356
1052646
1244530
972391
28651
199296
62509
133348
77082
10844
32024
288810
176407
116480
41619
40264
1054961
41211
193164
55246
91402
28745
166575
68038
31678
19697
68260
11326
22148
30304
756960
53393
56406
34465
53853
27793
67688
5877052
19206
13330
-1
882807
44927
59818
88189
17221
30002
38214
12519
265657
161384
147709
22535
26406
18064
453763
67866
53928
20490
32984
-1
28498
47644
267840
13840
21686
12890
19428
28733
27006
12778
18904
112703
27880
18230
16558
18848
86642
63850
22781
19254
12003
14718
24177
68246
13983
19206
40844
18496
224664
158446
12218
11037
18975
16590
14751
17443
12489
55857
15805
10200
29653
17524
12246
102271
27197
26427
27338
10520
10653
13227
11076
123251
21187
17854
23995
118445
12585
12159
13228
17118
10467
50958
30969
12576
78567
10180
31001
14993
10199
11472
24488
24874
10096
106551
19711
66643
65209
14114
10861
15615
49122
10090

MS
MA
PA
SB
MS
DV
Anonymous
VM
TK
MA
FGH

188867
81203
47508
47092
37940
33680
26315
19458
19145
14709
11938
results end here -------------------------------------------------------
