results start here -------------------------------------------------------
30768678
19078239
13050799
6088320
5029474
1264733
920917
0
0
0
0

138
63
20
28
14
25
0
0
0
0

102
52
15
21
14
11
0
0
0
0

64
31
9
17
10
4
0
0
0
0

1
2
3
4
5
6
0
0
0
0
PROCESSING SQUADS DONE
************************************************************************
***    "Team CloudBot"
************************************************************************
ADD these members to the sheet
3019653
2071916
1434841
312621
508897
441924
310773
241698
153219
1105669
313705
191343
94822
517425
-1
56084
321280
-1
134203
17976
36142
84960
103966
32593
70818
15153
9022
27279
450
49786
17106
11986
17865
61925
232
50813
4110
361
40223
0
7487
0
132
0
15707
5596
3999
0
4552
1866
0
0
0
0
6821
0
703
12890
0
0
0
8685
3348
68
98
0
0
23568
0
0
262894
38342
14967
243
91827
1651464
0
869222
354917
75862
39413
0
7523
0
2096
-1
1295
12190
29548
10826
4991
0
0
1440460
28651
879
19707
3367
52870
18
152588
510845
32024
908
0
0
7496
6343
8
0
0
-1
44695
13414
37548
693
0
0
78572
1295
0
0
130476
6091
126813
0
7803
35055
536061
8713
0
5962
284651
42132
8032
7930
0
0
0
0

SB
Anonymous

106
0
************************************************************************
***    "All for Nash"
************************************************************************
ADD these members to the sheet
5216822
533804
405599
148276
1393145
49068
129551
38056
41211
1129
414
0
12
0
103537
0
188576
123710
69939
19875
0
5878
165204
0
1292008
195000
255
29968
26579
9998
-1
93
11212
0
510
259770
117032
599
0
382
0
0
214450
13297
28275
8556
73
-1
52114
7256
65498
1096
2507
1334281
567590
86016
63359
2215
0
8332
7220
4692
3973
2760

Anonymous

0
************************************************************************
***    "The Trading Club"
************************************************************************
ADD these members to the sheet
4251429
83632
472497
45891
249024
15413
0
1705
0
0
816907
116975
345
0
7562
7074
221
18916
721
0


************************************************************************
***    "Team Fabibi"
************************************************************************
ADD these members to the sheet
-1
253870
64827
44366
19539
90155
114609
41417
47248
14351
11423
20008
1728
28002
0
255204
0
0
2117
192
50370
0
0
26
-1
3885481
0
0
39161
45371


************************************************************************
***    "The Nashians "
************************************************************************
ADD these members to the sheet
40641
14015
-1
168777
96698
15045
63419
253
16606
3819
-1
68
588111
4110
39366
213800


************************************************************************
***    "Gunbot Team"
************************************************************************
ADD these members to the sheet
708205
8150
3100
1297
1099
128706
0
0
4418
0
13617
0
48120
0
2029
0
0
2171
0
0
0

Anonymous
Anonymous
Anonymous
Anonymous

0
0
0
0
************************************************************************
***    "Solo"
************************************************************************
ADD these members to the sheet
HLK
Happy
5216822
4251429
3019653
-1
1334281
2071916
1434841
869222
40641
312621
508897
30048
188576
533804
405599
588111
441924
310773
119103
253870
536061
14015
148276
241698
-1
153219
64827
1105669
195000
313705
191343
259770
567590
94822
28193
1651464
708205
52865
1393145
123710
321280
354917
91827
75862
517425
1292008
17106
168777
114609
152588
90155
116975
29548
19539
52870
35055
510845
47248
63419
126813
472497
255204
-1
12167
83632
49068
103537
129551
96698
15256
12190
15045
29968
-1
168202
14037
150613
38342
15413
23568
41417
49786
50813
-1
134203
26579
214450
128706
84960
28995
1440460
48025
63359
117032
69939
21084
38056
45891
35622
249024
816907
972391
28651
165204
48120
44366
36142
10826
32024
103966
75072
52114
39161
40264
86016
41211
70818
38500
42132
28745
61925
50370
18916
19697
19707
10465
17976
22232
284651
45371
56084
19875
30565
27279
32593
3885481
13297
11212
-1
262894
44695
37548
29088
10959
17865
15707
12519
30406
130476
40223
11986
15153
14351
213800
12909
39366
20008
28275
439319
19458
16995
78572
13840
21686
12890
14590
13414
20689
12778
14919
65498
15895
14471
13617
11423
13996
39413
13359
11261

DV
TK
MS

28002
16606
14967
results end here -------------------------------------------------------
