results start here -------------------------------------------------------
33290489
20819611
14103372
6828035
5576594
1387819
937897
0
0
0
0

138
63
20
28
14
25
0
0
0
0

102
52
16
21
14
11
0
0
0
0

67
32
9
17
10
4
0
0
0
0

1
2
3
4
5
6
0
0
0
0
PROCESSING SQUADS DONE
************************************************************************
***    "Team CloudBot"
************************************************************************
ADD these members to the sheet
3249374
2200271
1647481
349277
589379
466118
337274
248516
162707
1105669
337947
215735
102505
558383
-1
56084
340749
-1
263061
18907
40714
95619
124445
35825
72824
15948
9022
27754
603
53296
17106
14058
19402
65396
272
54404
4535
361
56046
0
12154
0
132
0
16531
5747
3999
0
4552
1866
0
0
0
0
8832
0
703
12890
0
0
0
8685
3354
68
200
0
0
23568
0
0
330062
39805
22270
243
111879
1726155
0
869222
371259
75862
49058
0
8239
0
2096
-1
1295
12190
29548
10826
5390
0
0
1501423
28651
879
21545
3367
57707
18
168450
551581
32024
934
0
0
7496
6343
8
0
0
-1
44927
17024
39141
693
0
0
138270
1819
0
0
159384
30646
144697
0
9703
35055
642744
8713
0
5962
351416
46325
22069
8706
0
0
0
0

SB
Anonymous

6091
0
************************************************************************
***    "All for Nash"
************************************************************************
ADD these members to the sheet
5665269
587060
443022
157983
1522045
49763
129551
38520
41211
1129
1390
0
12
0
107285
0
188576
131153
69939
21378
0
5878
168665
0
1378357
217770
255
29968
27349
10062
-1
93
12438
0
510
281895
133432
599
0
382
0
0
303133
13297
32984
8556
73
-1
60814
7492
103408
1096
4350
1347394
611110
91263
65026
2215
0
8977
7581
4692
4089
2859

Anonymous

0
************************************************************************
***    "The Trading Club"
************************************************************************
ADD these members to the sheet
4697040
98344
523561
45891
348008
16462
0
1705
0
0
941785
116975
345
28
7562
7138
245
22218
721
0


************************************************************************
***    "Team Fabibi"
************************************************************************
ADD these members to the sheet
-1
283043
69953
85984
19643
92410
115707
45665
48813
14964
11902
20008
1802
28002
0
255204
0
0
3350
192
57223
0
0
26
-1
4335147
0
0
40004
47542


************************************************************************
***    "The Nashians "
************************************************************************
ADD these members to the sheet
40641
14015
-1
168777
115137
15045
63419
253
17330
4441
-1
68
639439
4529
42596
262123


************************************************************************
***    "Gunbot Team"
************************************************************************
ADD these members to the sheet
708766
8150
3100
1297
1315
142466
0
0
4999
0
13617
0
49983
0
2029
0
0
2171
0
0
0

Anonymous
Anonymous
Anonymous
Anonymous

0
0
0
0
************************************************************************
***    "Solo"
************************************************************************
ADD these members to the sheet
yahek
5665269
4697040
3249374
-1
1347394
2200271
1647481
869222
40641
349277
589379
30646
188576
587060
443022
639439
466118
337274
125228
283043
642744
14015
157983
248516
-1
162707
69953
1105669
217770
337947
215735
281895
611110
102505
28193
1726155
708766
52865
1522045
131153
340749
371259
111879
75862
558383
1378357
17106
168777
115707
168450
92410
116975
29548
19643
57707
35055
551581
48813
63419
144697
523561
255204
-1
12167
98344
49763
107285
129551
115137
15256
12190
15045
29968
-1
168202
14037
160990
39805
16462
23568
45665
53296
54404
-1
263061
27349
303133
142466
95619
61426
1501423
60105
65026
133432
69939
24076
38520
45891
35622
348008
941785
972391
28651
168665
49983
85984
40714
10826
32024
124445
85589
60814
40004
40264
91263
41211
72824
38500
46325
28745
65396
57223
22218
19697
21545
10465
18907
22232
351416
47542
56084
21378
40684
27754
35825
4335147
13297
12438
-1
330062
44927
39141
29303
10959
19402
16531
12519
30406
159384
56046
14058
15948
14964
262123
12909
42596
20008
32984
439319
19458
16995
138270
13840
21686
12890
14590
17024
20689
12778
15036
103408
15895
14471
13617
11902
13996
49058
13359
12066
12003
10062
12154
22069

SB
DV
MS
TK

30048
28002
22270
17330
results end here -------------------------------------------------------
