results start here -------------------------------------------------------
49104147
30452697
19931907
10141708
7154685
2418737
1026958
0
0
0
0

138
63
20
28
14
25
0
0
0
0

105
52
16
23
14
11
0
0
0
0

76
38
9
18
10
4
0
0
0
0

1
2
3
4
5
6
0
0
0
0
PROCESSING SQUADS DONE
************************************************************************
***    "Team CloudBot"
************************************************************************
ADD these members to the sheet
4603203
3304991
2328895
502827
1320350
802497
356598
295200
201440
1114999
473957
289265
102505
849625
-1
56406
385164
-1
945313
22148
63175
173819
242863
60240
77474
23020
17834
27793
603
85251
18163
21090
27934
67084
575
83905
8553
361
117845
0
23398
0
1258
0
32531
11744
23597
0
4552
1866
0
0
0
0
15023
0
703
12890
36
0
0
8685
3682
68
200
0
0
23568
0
0
706118
49243
35025
243
159778
2818282
0
869222
405194
75862
58412
0
9900
0
2096
-1
1295
12190
-1
10844
10180
0
0
1501423
28651
879
54970
3367
60996
18
323966
858749
32024
960
0
0
9474
24097
8
0
0
-1
44927
23482
52067
947
0
0
245555
3057
0
0
161099
47092
226640
0
32602
35055
1337492
10520
3723
7106
675869
76520
54714
14833
0
3192
0
0
29653

SB
Anonymous

6269
0
************************************************************************
***    "All for Nash"
************************************************************************
ADD these members to the sheet
7875404
861664
712309
191428
1903404
65431
218032
51165
41211
2644
1390
0
12
0
128420
0
188576
384416
83080
33262
0
5878
182546
0
2212558
431935
436
30127
32836
11506
-1
238
13330
0
571
404753
237534
2715
0
382
0
0
612085
19079
32984
12489
89
-1
106176
14576
112703
1096
11076
1355173
943940
266130
80544
2215
0
16718
11723
10199
7105
6589

Anonymous

0
************************************************************************
***    "The Trading Club"
************************************************************************
ADD these members to the sheet
6835389
145439
757456
53914
883858
18361
0
3834
0
0
1243768
145844
4917
518
7562
7232
673
31678
1256
0


************************************************************************
***    "Team Fabibi"
************************************************************************
ADD these members to the sheet
-1
301672
92931
132175
19667
121312
135960
59890
60906
18064
17719
20490
3329
30673
0
463316
164
137
3350
12585
68038
0
0
26
-1
5500224
0
0
41619
50428


************************************************************************
***    "The Nashians "
************************************************************************
ADD these members to the sheet
41125
14721
-1
173496
158469
16507
63424
722
18535
6869
-1
68
1432963
8662
53928
429241


************************************************************************
***    "Gunbot Team"
************************************************************************
ADD these members to the sheet
711132
9319
3149
1297
3796
214796
0
0
6112
0
14536
0
58616
0
2029
0
0
2171
0
0
0

Anonymous
Anonymous
Anonymous
Anonymous

0
0
0
0
************************************************************************
***    "Solo"
************************************************************************
ADD these members to the sheet
7875404
6835389
4603203
-1
1355173
3304991
2328895
869222
41125
502827
1320350
47092
188576
861664
712309
1432963
802497
356598
226346
301672
1337492
14721
191428
295200
-1
201440
92931
1114999
431935
473957
289265
404753
943940
102505
28272
2818282
711132
329233
1903404
384416
385164
405194
159778
75862
849625
2212558
18163
173496
135960
323966
121312
145844
-1
19667
60996
35055
858749
60906
63424
226640
757456
463316
-1
12167
145439
65431
128420
218032
158469
15256
12190
16507
30127
-1
168202
14037
262753
49243
18361
23568
59890
85251
83905
-1
945313
32836
612085
214796
173819
162884
1501423
98315
80544
237534
83080
48864
51165
53914
40042
883858
1243768
972391
28651
182546
58616
132175
63175
10844
32024
242863
154262
106176
41619
40264
266130
41211
77474
50306
76520
28745
67084
68038
31678
19697
54970
10465
22148
30304
675869
50428
56406
33262
53853
27793
60240
5500224
19079
13330
-1
706118
44927
52067
88189
17221
27934
32531
12519
66403
161099
117845
21090
23020
18064
429241
53053
53928
20490
32984
-1
19458
44343
245555
13840
21686
12890
19428
23482
27006
12778
17968
112703
27880
18230
14536
17719
57462
58412
22781
19254
12003
11506
23398
54714
11284
16718
32602
14833
224664
31642
12175
11037
17834
16590
11801
17443
12489
43095
15023
10200
29653
14576
12056
102271
27197
21943
18356
10520
10653
11719
11076
28282
15317
16149
23597
29137
12585
12159
11723
11744
10199
24097
30969
10167
38452
10180
31001

MA
SB
MS
MS
DV
Anonymous
TK
VM
FGH
MA

68403
44695
44276
35025
30673
26263
18535
16487
11938
11699
results end here -------------------------------------------------------
