results start here -------------------------------------------------------
29100179
17725912
12310302
5710887
4568015
1219311
898505
0
0
0
0

138
63
20
28
14
25
0
0
0
0

102
52
15
21
13
11
0
0
0
0

63
31
9
17
10
4
0
0
0
0

1
2
3
4
5
6
0
0
0
0
PROCESSING SQUADS DONE
************************************************************************
***    "Team CloudBot"
************************************************************************
ADD these members to the sheet
2877843
1856079
1329482
290022
454312
403753
303364
235156
138746
1105669
288088
175779
94822
493060
-1
51795
294941
-1
127835
16151
33596
70731
97211
28186
65558
14593
8705
27016
450
47615
17106
11986
16183
59718
232
45725
3591
361
29514
0
3969
0
132
0
12785
5026
3890
0
4552
1866
0
0
0
0
5450
0
703
12890
0
0
0
8685
3348
68
98
0
0
23568
0
0
219767
34396
14481
243
83441
1566959
0
869222
342349
75862
4916
0
6806
0
2096
-1
1295
12190
29548
10826
4297
0
0
1319973
28651
879
18494
3367
49127
18
137540
460073
32024
882
0
0
7496
6343
8
0
0
-1
44695
11756
37548
693
0
0
56609
916
0
0
99644
6091
115479
0
2520
35055
456518
8170
0
5558
245607
38504
7345
7475
0
0
0
0

SB
Anonymous

106
0
************************************************************************
***    "All for Nash"
************************************************************************
ADD these members to the sheet
4831197
518566
386530
147848
1324788
46936
129551
37772
36676
1129
414
0
12
0
79050
0
188576
119487
69939
19060
0
5878
159848
0
1273311
180650
255
29968
25286
9933
-1
93
11212
0
510
239692
94785
599
0
382
0
0
214450
13297
23948
8556
73
-1
46235
7167
42356
1096
1313
1283980
524407
86016
59767
2215
0
7978
6493
4692
3739
2562

Anonymous

0
************************************************************************
***    "The Trading Club"
************************************************************************
ADD these members to the sheet
4074106
74722
452803
43391
182869
15413
0
865
0
0
719977
116485
345
0
7562
6481
221
14918
721
0


************************************************************************
***    "Team Fabibi"
************************************************************************
ADD these members to the sheet
-1
249097
64431
34978
18652
90155
112106
37856
43880
13503
10787
18181
1560
28002
0
255204
0
0
1659
192
44037
0
0
26
-1
3466676
0
0
39123
37898


************************************************************************
***    "The Nashians "
************************************************************************
ADD these members to the sheet
40641
14015
-1
168777
82280
15045
63419
0
16606
3435
-1
68
574230
3690
39366
197732


************************************************************************
***    "Gunbot Team"
************************************************************************
ADD these members to the sheet
707408
8150
3100
276
593
111784
0
0
4418
0
11577
0
46994
0
2029
0
0
2171
0
0
0

Anonymous
Anonymous
Anonymous
Anonymous

0
0
0
0
************************************************************************
***    "Solo"
************************************************************************
ADD these members to the sheet
4831197
4074106
2877843
-1
1283980
1856079
1329482
869222
40641
290022
454312
30048
188576
518566
386530
574230
403753
303364
114020
249097
456518
14015
147848
235156
-1
138746
64431
1105669
180650
288088
175779
239692
524407
94822
28193
1566959
707408
52865
1324788
119487
294941
342349
83441
75862
493060
1273311
17106
168777
112106
137540
90155
116485
29548
18652
49127
35055
460073
43880
63419
115479
452803
255204
-1
12167
74722
46936
79050
129551
82280
15256
12190
15045
29968
-1
168202
14037
136949
34396
15413
23568
37856
47615
45725
-1
127835
25286
214450
111784
70731
17067
1319973
48025
59767
94785
69939
21084
37772
43391
35622
182869
719977
972391
28651
159848
46994
34978
33596
10826
32024
97211
75072
46235
39123
40264
86016
36676
65558
36097
38504
28745
59718
44037
14918
19697
18494
10465
16151
22232
245607
37898
51795
19060
17259
27016
28186
3466676
13297
11212
-1
219767
44695
37548
23372
10959
16183
12785
12519
30406
99644
29514
11986
14593
13503
197732
12909
39366
18181
23948
439319
19458
16995
56609
13840
21686
12890
14590
11756
20689
12778
14278
42356
15895
12604
11577
10787

DV
TK
MS

28002
16606
14481
results end here -------------------------------------------------------
