results start here -------------------------------------------------------
60213486
34868582
24003014
11676133
8008065
3079631
1087048
0
0
0
0

138
63
20
28
14
25
0
0
0
0

106
52
17
24
14
12
0
0
0
0

77
39
10
18
10
4
0
0
0
0

1
2
3
4
5
6
0
0
0
0
PROCESSING SQUADS DONE
************************************************************************
***    "Team CloudBot"
************************************************************************
ADD these members to the sheet
5431440
3918345
2433597
622042
1615396
970728
357577
295200
243809
1119487
561886
319256
102505
1032819
-1
56406
385164
-1
1232323
22148
87429
212969
325657
75846
196157
28337
22429
27793
603
105819
19444
25454
33666
181672
1164
106583
9804
361
169520
0
29174
0
1645
0
44679
18675
25123
1403
4552
1866
0
0
0
0
15805
0
703
12890
36
0
0
8685
3890
68
200
0
0
32094
0
0
990022
49243
39617
243
159778
2833838
0
869222
449956
75862
66161
0
10090
0
2096
-1
1295
12190
-1
10844
10180
0
0
1501423
28651
879
76523
3367
61900
18
413080
896599
32024
960
0
0
9917
75999
8
0
0
-1
44927
28733
65314
4627
0
0
285293
4035
0
0
161384
47092
286417
0
51074
35055
1416264
10520
3723
7106
936683
107737
79062
20062
0
3192
0
0
29653

SB
Anonymous

6269
0
************************************************************************
***    "All for Nash"
************************************************************************
ADD these members to the sheet
9111843
1029007
922696
191428
2029543
69225
245135
52282
41211
2644
1390
0
12
0
134470
0
188576
559096
103217
36235
0
7398
212686
0
2664475
571247
436
30127
32836
18176
-1
238
13330
0
571
483751
295647
12771
0
428
0
0
768797
24550
32984
12489
89
-1
122933
19261
112703
1096
11076
1364302
1138398
1184576
81499
2215
0
20626
14087
10467
9251
9462

Anonymous

0
************************************************************************
***    "The Trading Club"
************************************************************************
ADD these members to the sheet
7943544
172391
844462
56346
1180649
19646
0
3834
0
0
1246262
145844
6547
1961
7562
12881
791
31678
1366
360


************************************************************************
***    "Team Fabibi"
************************************************************************
ADD these members to the sheet
-1
301770
92931
135213
19732
131743
137884
67175
73758
18064
19097
20733
4053
33680
0
581485
164
137
3350
12633
68038
0
12
44
-1
6191346
0
0
41619
53393


************************************************************************
***    "The Nashians "
************************************************************************
ADD these members to the sheet
41125
15129
-1
173496
219052
16538
66624
752
19340
8502
-1
68
1977483
9956
59738
471822


************************************************************************
***    "Gunbot Team"
************************************************************************
ADD these members to the sheet
712486
9319
3149
1297
8068
255519
0
0
8112
1832
16558
0
66503
0
2029
0
0
2171
0
0
0

Anonymous
Anonymous
Anonymous
Anonymous

0
0
0
0
************************************************************************
***    "Solo"
************************************************************************
ADD these members to the sheet
9111843
7943544
5431440
-1
1364302
3918345
2433597
869222
41125
622042
1615396
87642
188576
1029007
922696
1977483
970728
357577
348455
301770
1416264
15129
191428
295200
-1
243809
92931
1119487
571247
561886
319256
483751
1138398
102505
28477
2833838
712486
1671902
2029543
559096
385164
449956
159778
75862
1032819
2664475
19444
173496
137884
413080
131743
145844
-1
19732
61900
35055
896599
73758
66624
286417
844462
581485
-1
12167
172391
69225
134470
245135
219052
15256
12190
16538
30127
-1
168202
14133
369379
49243
19646
32094
67175
105819
106583
-1
1232323
32836
768797
255519
212969
171315
1501423
98315
139962
295647
103217
101440
52282
56346
42356
1180649
1246262
972391
28651
212686
66503
135213
87429
10844
32024
325657
198549
122933
41619
40264
1184576
41211
196157
57597
107737
28745
181672
68038
31678
19697
76523
11326
22148
30304
936683
53393
56406
36235
53853
27793
75846
6191346
24550
13330
-1
990022
44927
65314
88189
17246
33666
44679
13042
265657
161384
169520
25454
28337
18064
471822
67866
59738
20733
32984
-1
39070
54339
285293
13840
21686
12890
19428
28733
27006
12778
20807
112703
27880
18783
16558
19097
110227
66161
27545
23528
12003
18176
29174
79062
13983
20626
51074
20062
224664
158446
19913
11037
22429
16590
14751
23649
12489
72185
15805
10200
29653
19261
13917
102271
27197
26427
27790
10520
10653
15840
11076
123251
26352
19139
25123
118445
12633
12159
14087
18675
10467
75999
30969
12576
109448
10180
31001
20935
10199
12873
24488
26754
10096
173825
40883
72176
125093
14114
16881
18202
239235
10090
12881
14026
12771
18299
15089
18934
12632
10397

MS
PA
MA
SB
MS
DV
Anonymous
VM
TK
MA
FGH

233109
101293
81499
47092
39617
33680
26377
19458
19340
14709
11938
results end here -------------------------------------------------------
