results start here -------------------------------------------------------
55484424
32832326
22509427
11013153
7528562
2757546
1051125
0
0
0
0

138
63
20
28
14
25
0
0
0
0

106
52
16
23
14
12
0
0
0
0

76
38
9
18
10
4
0
0
0
0

1
2
3
4
5
6
0
0
0
0
PROCESSING SQUADS DONE
************************************************************************
***    "Team CloudBot"
************************************************************************
ADD these members to the sheet
5010009
3593030
2417360
565431
1483764
906832
356598
295200
217649
1116375
522810
303331
102505
961331
-1
56406
385164
-1
1123613
22148
75682
192649
282212
66810
193086
25843
18626
27793
603
96824
19444
21899
29888
166145
749
90339
9113
361
144067
0
24137
0
1645
0
38139
16904
23995
1342
4552
1866
0
0
0
0
15805
0
703
12890
36
0
0
8685
3890
68
200
0
0
27516
0
0
868496
49243
37100
243
159778
2818282
0
869222
426926
75862
63850
0
9900
0
2096
-1
1295
12190
-1
10844
10180
0
0
1501423
28651
879
67151
3367
60996
18
367241
884952
32024
960
0
0
9474
47838
8
0
0
-1
44927
28733
59818
4355
0
0
264865
3657
0
0
161384
47092
242700
0
40644
35055
1416264
10520
3723
7106
746136
89379
64406
17844
0
3192
0
0
29653

SB
Anonymous

6269
0
************************************************************************
***    "All for Nash"
************************************************************************
ADD these members to the sheet
8769926
1020235
826066
191428
1958778
66973
231950
52232
41211
2644
1390
0
12
0
131090
0
188576
482242
96488
34104
0
5878
196403
0
2462111
514596
436
30127
32836
14388
-1
238
13330
0
571
445910
263239
7762
0
382
0
0
646655
19206
32984
12489
89
-1
115166
17136
112703
1096
11076
1355977
1047857
911597
81203
2215
0
18614
12964
10467
8048
8306

Anonymous

0
************************************************************************
***    "The Trading Club"
************************************************************************
ADD these members to the sheet
7487321
160099
797619
56346
1040498
19385
0
3834
0
0
1244530
145844
6000
787
7562
9578
697
31678
1366
0


************************************************************************
***    "Team Fabibi"
************************************************************************
ADD these members to the sheet
-1
301770
92931
132175
19732
122011
137884
63655
67274
18064
18681
20490
3959
33680
0
463316
164
137
3350
12585
68038
0
0
44
-1
5853601
0
0
41619
53393


************************************************************************
***    "The Nashians "
************************************************************************
ADD these members to the sheet
41125
15129
-1
173496
198226
16538
63424
722
19145
7552
-1
68
1708927
9884
53928
449375


************************************************************************
***    "Gunbot Team"
************************************************************************
ADD these members to the sheet
712195
9319
3149
1297
6380
228892
0
0
6413
1832
16357
0
61084
0
2029
0
0
2171
0
0
0

Anonymous
Anonymous
Anonymous
Anonymous

0
0
0
0
************************************************************************
***    "Solo"
************************************************************************
ADD these members to the sheet
8769926
7487321
5010009
-1
1355977
3593030
2417360
869222
41125
565431
1483764
74151
188576
1020235
826066
1708927
906832
356598
297287
301770
1416264
15129
191428
295200
-1
217649
92931
1116375
514596
522810
303331
445910
1047857
102505
28272
2818282
712195
1161768
1958778
482242
385164
426926
159778
75862
961331
2462111
19444
173496
137884
367241
122011
145844
-1
19732
60996
35055
884952
67274
63424
242700
797619
463316
-1
12167
160099
66973
131090
231950
198226
15256
12190
16538
30127
-1
168202
14037
310342
49243
19385
27516
63655
96824
90339
-1
1123613
32836
646655
228892
192649
168905
1501423
98315
139962
263239
96488
91343
52232
56346
42356
1040498
1244530
972391
28651
196403
61084
132175
75682
10844
32024
282212
154262
115166
41619
40264
911597
41211
193086
50306
89379
28745
166145
68038
31678
19697
67151
11326
22148
30304
746136
53393
56406
34104
53853
27793
66810
5853601
19206
13330
-1
868496
44927
59818
88189
17221
29888
38139
12519
265657
161384
144067
21899
25843
18064
449375
67607
53928
20490
32984
-1
28498
47644
264865
13840
21686
12890
19428
28733
27006
12778
18904
112703
27880
18230
16357
18681
81467
63850
22781
19254
12003
14388
24137
64406
13983
18614
40644
17844
224664
158446
12218
11037
18626
16590
13757
17443
12489
53447
15805
10200
29653
17136
12246
102271
27197
21943
27338
10520
10653
13227
11076
123251
21187
17854
23995
118445
12585
12159
12964
16904
10467
47838
30969
12576
78567
10180
31001
14993
10199
11472
24488
22953
10096
84106
19711
57656
58408
14114
10861

MS
MA
SB
PA
MS
DV
Anonymous
VM
TK
MA
FGH

151069
81203
47092
37538
37100
33680
26315
19458
19145
14709
11938
results end here -------------------------------------------------------
