results start here -------------------------------------------------------
47903877
29841363
19289327
9816117
6994422
2381378
1022447
0
0
0
0

138
63
20
28
14
25
0
0
0
0

105
52
16
23
14
11
0
0
0
0

76
38
9
18
10
4
0
0
0
0

1
2
3
4
5
6
0
0
0
0
PROCESSING SQUADS DONE
************************************************************************
***    "Team CloudBot"
************************************************************************
ADD these members to the sheet
4465916
3253334
2301928
490902
1246827
770243
356598
295200
198851
1114999
467913
284599
102505
805045
-1
56406
385164
-1
934867
22148
61570
169334
232862
58285
77163
22622
17834
27793
603
82656
18163
19690
27151
67084
575
83905
8553
361
113157
0
23278
0
1258
0
32381
11364
22937
0
4552
1866
0
0
0
0
14631
0
703
12890
36
0
0
8685
3682
68
200
0
0
23568
0
0
670858
49243
32519
243
159778
2796991
0
869222
405194
75862
58412
0
9900
0
2096
-1
1295
12190
-1
10844
10180
0
0
1501423
28651
879
51330
3367
60996
18
315442
858166
32024
960
0
0
9474
22977
8
0
0
-1
44927
23482
50779
897
0
0
238812
3057
0
0
161017
47092
222344
0
32303
35055
1262254
10520
2524
7106
664812
75385
49876
14511
0
3192
0
0
29653

SB
Anonymous

6269
0
************************************************************************
***    "All for Nash"
************************************************************************
ADD these members to the sheet
7484852
847117
698024
191428
1885132
65431
214656
50306
41211
2644
1390
0
12
0
128016
0
188576
384416
83080
32083
0
5878
181843
0
2160271
408448
436
30088
32836
11506
-1
238
13330
0
571
397917
227409
2415
0
382
0
0
558235
19079
32984
12489
89
-1
102217
14546
112703
1096
11076
1355173
905568
259711
80544
2215
0
15249
10816
10199
6989
6381

Anonymous

0
************************************************************************
***    "The Trading Club"
************************************************************************
ADD these members to the sheet
6569627
138901
740380
53511
848224
18361
0
3834
0
0
1243768
145844
4917
341
7562
7232
673
31678
1256
0


************************************************************************
***    "Team Fabibi"
************************************************************************
ADD these members to the sheet
-1
301672
92931
132175
19667
119148
135461
56271
60906
18036
17719
20490
3284
30673
0
458530
164
137
3350
12585
68038
0
0
26
-1
5351100
0
0
41619
50428


************************************************************************
***    "The Nashians "
************************************************************************
ADD these members to the sheet
41125
14555
-1
173496
152073
16507
63424
722
18535
6725
-1
68
1407240
8483
53928
424489


************************************************************************
***    "Gunbot Team"
************************************************************************
ADD these members to the sheet
710839
9319
3149
1297
3676
210842
0
0
6112
0
14536
0
58471
0
2029
0
0
2171
0
0
0

Anonymous
Anonymous
Anonymous
Anonymous

0
0
0
0
************************************************************************
***    "Solo"
************************************************************************
ADD these members to the sheet
7484852
6569627
4465916
-1
1355173
3253334
2301928
869222
41125
490902
1246827
47092
188576
847117
698024
1407240
770243
356598
226346
301672
1262254
14555
191428
295200
-1
198851
92931
1114999
408448
467913
284599
397917
905568
102505
28272
2796991
710839
329233
1885132
384416
385164
405194
159778
75862
805045
2160271
18163
173496
135461
315442
119148
145844
-1
19667
60996
35055
858166
60906
63424
222344
740380
458530
-1
12167
138901
65431
128016
214656
152073
15256
12190
16507
30088
-1
168202
14037
254588
49243
18361
23568
56271
82656
83905
-1
934867
32836
558235
210842
169334
161399
1501423
98315
80544
227409
83080
48864
50306
53511
40042
848224
1243768
972391
28651
181843
58471
132175
61570
10844
32024
232862
154262
102217
41619
40264
259711
41211
77163
50306
75385
28745
67084
68038
31678
19697
51330
10465
22148
30304
664812
50428
56406
32083
53853
27793
58285
5351100
19079
13330
-1
670858
44927
50779
88189
17221
27151
32381
12519
66403
161017
113157
19690
22622
18036
424489
53053
53928
20490
32984
-1
19458
42088
238812
13840
21686
12890
19428
23482
27006
12778
17968
112703
27880
18230
14536
17719
57354
58412
22781
19254
12003
11506
23278
49876
11284
15249
32303
14511
224664
31642
12175
11037
17834
16590
11801
17443
12489
35156
14631
10200
29653
14546
12056
96830
27197
21943
18356
10520
10653
11666
11076
28282
15317
14792
22937
29137
12585
12159
10816
11364
10199
22977
30969
10167
30606
10180

MA
SB
MS
MS
DV
Anonymous
TK
VM
FGH
MA

68403
44695
44276
32519
30673
26207
18535
16487
11938
11699
results end here -------------------------------------------------------
