results start here -------------------------------------------------------
24852134
14401614
8326861
4307960
3850124
1044260
877592
0
0
0
0

123
48
18
27
14
24
0
0
0
0

91
37
14
20
13
10
0
0
0
0

56
25
9
15
10
3
0
0
0
0

1
2
3
4
5
6
0
0
0
0
PROCESSING SQUADS DONE
************************************************************************
***    "Team CloudBot"
************************************************************************
ADD these members to the sheet
2468689
1629681
1122126
250618
320480
331207
285585
207922
120350
1074190
260362
146129
80605
343911
-1
41934
262009
-1
102577
15220
26563
51810
81051
18501
54465
11813
6512
16437
450
41520
17106
11558
13342
50650
232
34565
3150
361
18459
0
1498
0
132
0
12785
2449
3487
0
4552
1824
0
0
0
0
3727
0
703
8582
0
0
0
795
3348
68
0
0
0
23568
0
0
147539
25942
7804
243
65970
1331032
0
865980
308043
75862
3211
0
5891
0
2096
-1
1295
12190
29548
10826
2974
0
0
1143915
28651
879
16838
3367
43723
18
112157
268596
31180
713
0
0
7496
5799
8
0
0
-1
44695
8318
30942
613
0
0
23809
556
0
0
38429
106
104660
0

Anonymous

0
************************************************************************
***    "All for Nash"
************************************************************************
ADD these members to the sheet
CryptoEks
AC
3825799
401207
314630
135878
1121141
40414
117171
27843
30720
1129
414
0
12
0
58005
0
159477
101712
58141
17911
0
5878
144488
0
1098768
145216
255
29968
20816
9597
-1
93
11212
0
450
191608
66604
599
0
382
0
0
153550
13297
13829
8556
73
0

Anonymous

0
************************************************************************
***    "The Trading Club"
************************************************************************
ADD these members to the sheet
3454562
65651
372996
32822
115193
15413
0
865
0
0
124840
96990
345
0
7562
5729
68
14918


************************************************************************
***    "Team Fabibi"
************************************************************************
ADD these members to the sheet
-1
228524
49581
22933
18652
80408
107814
32914
42948
10801
8740
13977
1333
27392
0
209211
0
0
1069
192
28211
0
0
21
-1
2929285
0
0
36108


************************************************************************
***    "The Nashians "
************************************************************************
ADD these members to the sheet
40641
14015
-1
143605
67846
15045
62414
0
16606
3040
-1
68
496924
2888
29495
151669


************************************************************************
***    "Gunbot Team"
************************************************************************
ADD these members to the sheet
706412
8150
2798
276
257
105976
0
0
3717
0
7693
0
40279
0
2029
0
0
0
0
0

Anonymous
Anonymous
Anonymous
Anonymous

0
0
0
0
************************************************************************
***    "Solo"
************************************************************************
ADD these members to the sheet
SG
3825799
3454562
2468689
-1
1161390
1629681
1122126
865980
40641
250618
320480
30048
159477
401207
314630
496924
331207
285585
104126
228524
341637
14015
135878
207922
-1
120350
49581
1074190
145216
260362
146129
191608
436016
80605
28193
1331032
706412
52865
1121141
101712
262009
308043
65970
75862
343911
1098768
17106
143605
107814
112157
80408
96990
29548
18652
43723
34653
268596
42948
62414
104660
372996
209211
-1
12167
65651
40414
58005
117171
67846
15256
12190
15045
29968
-1
168202
14037
100823
25942
15413
23568
32914
41520
34565
-1
102577
20816
153550
105976
51810
12216
1143915
28087
50427
66604
58141
17775
27843
32822
31469
115193
124840
972391
28651
144488
40279
22933
26563
10826
31180
81051
48833
37168
36108
40264
74881
30720
54465
29653
29119
28745
50650
28211
14918
19697
16838
10465
15220
22232
134474
33424
41934
17911
14473
16437
18501
2929285
13297
11212
-1
147539
44695
30942
14274
10348
13342
12785
12519
30406
38429
18459
11558
11813
10801
151669
12909
29495
13977
13829
439319
19458
16995
23809
13840

DV
TK

27392
16606
results end here -------------------------------------------------------
