results start here -------------------------------------------------------
45104879
27806122
17923284
9105142
6582922
2226119
1007751
0
0
0
0

138
63
20
28
14
25
0
0
0
0

105
52
16
22
14
11
0
0
0
0

74
38
9
18
10
4
0
0
0
0

1
2
3
4
5
6
0
0
0
0
PROCESSING SQUADS DONE
************************************************************************
***    "Team CloudBot"
************************************************************************
ADD these members to the sheet
4087647
3041272
2171872
458349
1042402
664733
352335
295200
191467
1114999
441174
278390
102505
764063
-1
56406
385164
-1
798620
20209
57785
157463
212241
54626
76301
22622
15933
27793
603
76889
18163
19492
25314
67084
487
80732
7084
361
97395
0
22414
0
1258
0
30738
10308
10960
0
4552
1866
0
0
0
0
14631
0
703
12890
36
0
0
8685
3367
68
200
0
0
23568
0
0
576198
49243
31622
243
159381
2553431
0
869222
405194
75862
58384
0
9565
0
2096
-1
1295
12190
-1
10844
8404
0
0
1501423
28651
879
45633
3367
60996
18
295267
833937
32024
960
0
0
9474
7866
8
0
0
-1
44927
21309
48449
693
0
0
226775
2938
0
0
160704
47092
213231
0
29013
35055
1096786
10520
1321
7106
610278
71280
49876
14511
0
3192
0
0
29653

SB
Anonymous

6269
0
************************************************************************
***    "All for Nash"
************************************************************************
ADD these members to the sheet
6679031
773055
667542
191428
1854060
65129
200634
46289
41211
2644
1390
0
12
0
126802
0
188576
371918
82755
31507
0
5878
180284
0
2068690
361153
436
29968
32836
10602
-1
238
13330
0
571
378319
207928
898
0
382
0
0
450179
19079
32984
12489
89
-1
93999
13862
112703
1096
11076
1354564
825411
249169
80544
2215
0
14599
10486
10199
6989
6031

Anonymous

0
************************************************************************
***    "The Trading Club"
************************************************************************
ADD these members to the sheet
6039020
131128
695112
52691
723863
17462
0
3834
0
0
1243768
145844
3899
110
7562
7232
673
31678
1256
0


************************************************************************
***    "Team Fabibi"
************************************************************************
ADD these members to the sheet
-1
301672
88138
132175
19667
117983
133744
56271
59827
18036
16649
20490
3099
30673
0
411301
0
137
3350
12585
68038
0
0
26
-1
4997004
0
0
41619
50428


************************************************************************
***    "The Nashians "
************************************************************************
ADD these members to the sheet
41125
14555
-1
173496
136597
16476
63424
722
18535
6271
-1
68
1287266
8005
53928
405643


************************************************************************
***    "Gunbot Team"
************************************************************************
ADD these members to the sheet
710646
9319
3149
1297
3029
198608
0
0
4999
0
14536
0
57963
0
2029
0
0
2171
0
0
0

Anonymous
Anonymous
Anonymous
Anonymous

0
0
0
0
************************************************************************
***    "Solo"
************************************************************************
ADD these members to the sheet
6679031
6039020
4087647
-1
1354564
3041272
2171872
869222
41125
458349
1042402
47092
188576
773055
667542
1287266
664733
352335
226346
301672
1096786
14555
191428
295200
-1
191467
88138
1114999
361153
441174
278390
378319
825411
102505
28217
2553431
710646
328643
1854060
371918
385164
405194
159381
75862
764063
2068690
18163
173496
133744
295267
117983
145844
-1
19667
60996
35055
833937
59827
63424
213231
695112
411301
-1
12167
131128
65129
126802
200634
136597
15256
12190
16476
29968
-1
168202
14037
233944
49243
17462
23568
56271
76889
80732
-1
798620
32836
450179
198608
157463
116296
1501423
98315
80544
207928
82755
48864
46289
52691
40042
723863
1243768
972391
28651
180284
57963
132175
57785
10844
32024
212241
154262
93999
41619
40264
249169
41211
76301
50306
71280
28745
67084
68038
31678
19697
45633
10465
20209
30304
610278
50428
56406
31507
53853
27793
54626
4997004
19079
13330
-1
576198
44927
48449
82843
17221
25314
30738
12519
66403
160704
97395
19492
22622
18036
405643
53053
53928
20490
32984
-1
19458
30900
226775
13840
21686
12890
19428
21309
27006
12778
17099
112703
27880
18230
14536
16649
38632
58384
19635
19254
12003
10602
22414
49876
11284
14599
29013
14511
224664
31642
12160
11037
15933
16590
11801
17443
12489
33973
14631
10200
29653
13862
12056
72924
27197
21943
18346
10520
10653
11666
11076
28282
15317
11574
10960
29137
12585
12159
10486
10308
10199

MA
SB
MS
MS
DV
Anonymous
TK
FGH
MA

68403
44695
42553
31622
30673
19862
18535
11938
11699
results end here -------------------------------------------------------
