results start here -------------------------------------------------------
18300215
10652290
5618173
3114172
2485469
750666
793050
0
0
0
0

112
39
17
25
13
21
0
0
0
0

82
30
13
17
12
10
0
0
0
0

48
22
8
12
9
3
0
0
0
0

1
2
3
4
6
5
0
0
0
0
PROCESSING SQUADS DONE
************************************************************************
***    "Team CloudBot"
************************************************************************
ADD these members to the sheet
1825248
1244138
769683
146632
275148
265711
268046
113234
120062
823529
200448
105386
80605
303004
-1
22651
186509
-1
54475
10885
18573
37876
31952
11449
42814
8562
4741
10601
391
33953
14995
7585
8560
23608
232
25718
2674
361
2500
0
480
0
132
0
9718
2449
2307
0
0
1824
0
0
0
0
404
0
703
6374
0
0
0
795
3348
68
0
0
0
23568
0
0
21780
13670
5865
243
58354
1012160
0
725531
251463
75862
1216
0
4284
0
0
-1
1295
12190
29548
10826
2113
0
0
777525
28651
879
12515
2608
36171
18
84473
258901
27886
713
0
0
7496
3433
8
0
0
10587
19278
0

Anonymous

0
************************************************************************
***    "All for Nash"
************************************************************************
ADD these members to the sheet
2799421
196445
262987
103054
803414
22890
72208
24459
24918
1129
414
0
12
0
47013
0
141848
85001
51082
16710
0
1580
113496
0
514152
96586
0
29968
20726
7529
-1
44
11212
0
295
134349
34922
297
0

Anonymous

0
************************************************************************
***    "The Trading Club"
************************************************************************
ADD these members to the sheet
2508849
45227
334817
21663
54486
15413
0
865
0
0
52609
68014
345
0
7562
4248
68


************************************************************************
***    "Team Fabibi"
************************************************************************
ADD these members to the sheet
-1
182487
43236
22933
18163
58850
89841
25780
38978
9799
6829
8841
1177
27246
0
77619
0
0
0
173
17934
0
0
0
0
1855576


************************************************************************
***    "The Nashians "
************************************************************************
ADD these members to the sheet
40641
14015
108398
99877
49799
15045
60391
0
10667
2790
-1
68
347016
1956


************************************************************************
***    "Gunbot Team"
************************************************************************
ADD these members to the sheet
700031
2846
918
94
197
56256
0
0
3494
0
5215
0
22765
0
1230
0
0
0
0

Anonymous
Anonymous

0
0
************************************************************************
***    "Solo"
************************************************************************
ADD these members to the sheet
2799421
2508849
1825248
-1
1021044
1244138
769683
725531
40641
146632
275148
30048
141848
196445
262987
347016
265711
268046
92285
182487
239467
14015
103054
113234
108398
120062
43236
823529
96586
200448
105386
134349
325652
80605
28193
1012160
700031
52865
803414
85001
186509
251463
58354
75862
303004
514152
14995
99877
89841
84473
58850
68014
29548
18163
36171
33532
258901
38978
60391
83329
334817
77619
-1
12167
45227
22890
47013
72208
49799
15256
12190
15045
29968
-1
160541
14037
60745
13670
15413
23568
25780
33953
25718
-1
54475
20726
36793
56256
37876
12216
777525
21424
25642
34922
51082
15537
24459
21663
23375
54486
52609
356390
28651
113496
22765
22933
18573
10826
27886
31952
15391
19392
22442
40264
42945
24918
42814
26225
19887
28745
23608
17934
13910
15955
12515
10465
10885
22232
77559
27024
22651
16710
13240
10601
11449
1855576
13297
11212
10587
21780
19278

DV
TK

27246
10667
results end here -------------------------------------------------------
