results start here -------------------------------------------------------
12292554
7297164
3956977
2491320
1506155
596542
531355
0
0
0
0

104
37
15
25
13
21
0
0
0
0

74
27
11
17
12
10
0
0
0
0

39
20
8
11
8
3
0
0
0
0

1
2
3
4
5
6
0
0
0
0
PROCESSING SQUADS DONE
************************************************************************
***    "Team CloudBot"
************************************************************************
ADD these members to the sheet
1269200
887862
526165
112230
263339
176645
219640
90329
93102
394856
48692
66673
73141
198293
-1
4799
166439
-1
19233
9951
12598
27333
13049
8480
22047
6246
3783
8261
391
23403
14995
6994
5749
2569
232
23735
2455
361
0
0
451
0
132
0
7733
2449
377
0
0
927
0
0
0
0
360
0
703
6374
0
0
0
795
802
68
0
0
0
23568
0
0
0
13399
5225
94
47971
681447
0
586022
172695
75862
1216
0
2430
0
0
-1
0
12190
24611
10826
1994
0
0
444526
28651
879
7634
2608
23569
18
52551
239810
12455
437
0
0

Anonymous

0
************************************************************************
***    "All for Nash"
************************************************************************
ADD these members to the sheet
2060160
127625
204833
78187
563901
15570
49921
17544
20608
566
414
0
0
0
39798
0
114964
77840
19075
5347
0
1580
71652
0
270520
69386
0
29968
19796
5026
-1
44
0
0
243
76278
16118

Anonymous

0
************************************************************************
***    "The Trading Club"
************************************************************************
ADD these members to the sheet
1998784
38386
288708
15579
17618
15413
0
865
0
0
44170
68014
345
0
3434


************************************************************************
***    "Team Fabibi"
************************************************************************
ADD these members to the sheet
1021343
135268
32590
19770
17855
39356
64067
17779
27227
7560
4952
5972
865
24563
0
77619
0
0
0
165
9196
0
0
0
0


************************************************************************
***    "The Nashians "
************************************************************************
ADD these members to the sheet
39964
14015
86060
79847
34741
15045
60391
0
3494
2097
144
68
260673


************************************************************************
***    "Gunbot Team"
************************************************************************
ADD these members to the sheet
477207
1350
230
94
157
31086
0
0
716
0
851
0
18565
0
1096
0
0
0
0

Anonymous
Anonymous

0
0
************************************************************************
***    "Solo"
************************************************************************
ADD these members to the sheet
IA
2060160
1998784
1269200
1021343
738542
887862
526165
586022
39964
112230
263339
30048
114964
127625
204833
260673
176645
219640
51340
135268
150870
14015
78187
90329
86060
93102
32590
394856
69386
48692
66673
76278
246585
73141
28193
681447
477207
52865
563901
77840
166439
172695
47971
75862
198293
270520
14995
79847
64067
52551
39356
68014
24611
17855
23569
28305
239810
27227
60391
75242
288708
77619
-1
12167
38386
15570
39798
49921
34741
15256
12190
15045
29968
40464
126974
14037
38037
13399
15413
23568
17779
23403
23735
18377
19233
19796
36793
31086
27333
12216
444526
17974
17738
16118
19075
11754
17544
15579
13903
17618
44170
139513
28651
71652
18565
19770
12598
10826
12455
13049
15391
13034
15297
40264
25265
20608
22047
16000
14056
24341

DV

24563
results end here -------------------------------------------------------
