results start here -------------------------------------------------------
3977226
2136048
1324893
960124
620429
308712
150792
0
0
0
0

87
25
9
25
13
18
0
0
0
0

50
17
6
16
8
8
0
0
0
0

22
10
3
9
7
1
0
0
0
0

1
2
3
4
5
6
0
0
0
0
PROCESSING SQUADS DONE
************************************************************************
***    "Team CloudBot"
************************************************************************
ADD these members to the sheet
SausySausage
494871
267023
168858
44051
86465
46719
73236
13509
25147
121404
22038
36667
12860
26485
-1
4799
63058
5246
8063
5060
5802
4786
5200
3320
3685
2136
886
1691
391
6059
14743
3130
1331
218
165
391
1023
96
0
0
0
0
0
0
1631
0
0
0
0
359
0
0
0
0
0
0
0
4027
0
0
0
0
802
0
0
0
0
0
0
0
0
7296
974
0
24753
136635
0
249026
62447
54057
1216
0
0
0
0
12190
0

Anonymous

0
************************************************************************
***    "All for Nash"
************************************************************************
ADD these members to the sheet
HM
894576
67708
76456
33725
74219
10647
10556
2359
1017
566
345
0
0
0
10587
0
82930
45821
4703
897
0
0
7771
0

Anonymous

0
************************************************************************
***    "The Trading Club"
************************************************************************
ADD these members to the sheet
906869
11651
22952
5244
4393
9012
0
0
0


************************************************************************
***    "Team Fabibi"
************************************************************************
ADD these members to the sheet
406041
61861
21398
9850
14039
21790
19954
6482
13860
3542
1365
1538
451
11581
0
20499
0
0
0
0
6170
0
0
0
0


************************************************************************
***    "The Nashians "
************************************************************************
ADD these members to the sheet
36390
14015
32620
17585
10416
9958
38185
0
0
0
0
0
149539


************************************************************************
***    "Gunbot Team"
************************************************************************
ADD these members to the sheet
VonCount
HPB
138467
269
160
94
0
4704
0
0
599
0
483
0
6012
0
0
0

Anonymous
Anonymous

0
0
************************************************************************
***    "Solo"
************************************************************************
ADD these members to the sheet
PA
UPD
MBMGLR
BDK
CAF
I am I
matoK
SAM
Artful Dodger
894576
906869
494871
406041
274712
267023
168858
249026
36390
44051
86465
30048
82930
67708
76456
149539
46719
73236
51340
61861
32995
14015
33725
13509
32620
25147
21398
121404
25755
22038
36667
31162
39346
12860
12030
136635
138467
52865
74219
45821
63058
62447
24753
54057
26485
22302
14743
17585
19954
15582
21790
12096
13850
14039
14093
13588
95205
13860
38185
34537
22952
20499
12190
12167
11651
10647
10587
10556
10416

DV

11581
results end here -------------------------------------------------------
