results start here -------------------------------------------------------
18312434
10658888
5620446
3121342
2490065
751413
793187
0
0
0
0

112
39
17
25
13
21
0
0
0
0

82
30
13
17
12
10
0
0
0
0

48
22
8
12
9
3
0
0
0
0

1
2
3
4
6
5
0
0
0
0
PROCESSING SQUADS DONE
************************************************************************
***    "Team CloudBot"
************************************************************************
ADD these members to the sheet
1825621
1244520
769983
146709
275148
265711
268046
113234
120062
823529
200474
105386
80605
303004
-1
22736
186801
-1
54475
10885
18573
37876
31952
11449
42814
8562
4741
10625
391
33953
14995
7585
8654
23608
232
25718
2674
361
2540
0
480
0
132
0
9718
2449
2307
0
0
1824
0
0
0
0
404
0
703
6374
0
0
0
795
3348
68
0
0
0
23568
0
0
22277
13670
5865
243
58354
1014751
0
726650
251711
75862
1216
0
4284
0
0
-1
1295
12190
29548
10826
2113
0
0
777525
28651
879
12515
2608
36171
18
84473
258901
27994
713
0
0
7496
3433
8
0
0
10587
19620
0

Anonymous

0
************************************************************************
***    "All for Nash"
************************************************************************
ADD these members to the sheet
2799720
196445
262987
103054
803920
22890
72245
24459
24918
1129
414
0
12
0
47013
0
141848
85001
51180
16710
0
1580
113607
0
515159
96785
0
29968
20726
7544
-1
44
11212
0
295
134349
34922
297
0

Anonymous

0
************************************************************************
***    "The Trading Club"
************************************************************************
ADD these members to the sheet
2515858
45227
334817
21663
54486
15413
0
865
0
0
52770
68014
345
0
7562
4248
68


************************************************************************
***    "Team Fabibi"
************************************************************************
ADD these members to the sheet
-1
182487
43283
22933
18163
58850
89841
25780
38978
9799
6829
8841
1177
27246
0
77619
0
0
0
173
17934
0
0
0
0
1860126


************************************************************************
***    "The Nashians "
************************************************************************
ADD these members to the sheet
40641
14015
108423
99877
50122
15045
60391
0
10816
2790
-1
68
347265
1956


************************************************************************
***    "Gunbot Team"
************************************************************************
ADD these members to the sheet
700050
2846
936
94
197
56256
0
0
3494
0
5215
0
22865
0
1230
0
0
0
0

Anonymous
Anonymous

0
0
************************************************************************
***    "Solo"
************************************************************************
ADD these members to the sheet
2799720
2515858
1825621
-1
1021696
1244520
769983
726650
40641
146709
275148
30048
141848
196445
262987
347265
265711
268046
92285
182487
239625
14015
103054
113234
108423
120062
43283
823529
96785
200474
105386
134349
325792
80605
28193
1014751
700050
52865
803920
85001
186801
251711
58354
75862
303004
515159
14995
99877
89841
84473
58850
68014
29548
18163
36171
33532
258901
38978
60391
83329
334817
77619
-1
12167
45227
22890
47013
72245
50122
15256
12190
15045
29968
-1
160541
14037
60855
13670
15413
23568
25780
33953
25718
-1
54475
20726
36793
56256
37876
12216
777525
21424
25642
34922
51180
16263
24459
21663
23375
54486
52770
356390
28651
113607
22865
22933
18573
10826
27994
31952
15391
19392
22442
40264
42945
24918
42814
26225
19887
28745
23608
17934
13910
15955
12515
10465
10885
22232
77644
27024
22736
16710
13240
10625
11449
1860126
13297
11212
10587
22277
19620

DV
TK

27246
10816
results end here -------------------------------------------------------
