results start here -------------------------------------------------------
11892131
7009611
3793451
2452315
1458703
589455
518792
0
0
0
0

104
37
15
25
13
21
0
0
0
0

74
27
10
17
12
10
0
0
0
0

39
20
8
11
8
3
0
0
0
0

1
2
3
4
5
6
0
0
0
0
PROCESSING SQUADS DONE
************************************************************************
***    "Team CloudBot"
************************************************************************
ADD these members to the sheet
Randy
1228848
859918
513129
107027
260703
167759
211519
87081
88947
390491
48120
64575
50853
185116
-1
4799
164655
-1
19233
9830
12538
26988
12781
8349
17442
6135
3642
8261
391
22776
14995
6994
5749
2272
232
23337
2355
361
0
0
451
0
132
0
7360
2449
377
0
0
897
0
0
0
0
360
0
703
6374
0
0
0
795
802
68
0
0
0
11822
0
0
0
13385
5225
94
47176
642843
0
573510
167872
75862
1216
0
2430
0
0
-1
0
12190
23866
10826
1979
0
0
395544
28651
879
7187
2608
23173
18
49638
239810
12455
346
0
0

Anonymous

0
************************************************************************
***    "All for Nash"
************************************************************************
ADD these members to the sheet
2001038
127625
181522
76810
536214
15080
47133
17197
20177
566
414
0
0
0
39089
0
108727
77840
19075
5347
0
1580
65895
0
237677
69386
0
29968
19584
4891
-1
44
0
0
243
75187
15128

Anonymous

0
************************************************************************
***    "The Trading Club"
************************************************************************
ADD these members to the sheet
RRD
1975261
37732
278268
15326
16963
15413
0
865
0
0
44125
68014
345
0
0


************************************************************************
***    "Team Fabibi"
************************************************************************
ADD these members to the sheet
983028
132021
32109
19770
17855
39097
62163
17701
24477
7331
4952
5782
865
24563
0
77619
0
0
0
165
9196
0
0
0
0


************************************************************************
***    "The Nashians "
************************************************************************
ADD these members to the sheet
39913
14015
84832
77827
32576
15045
60391
0
3494
2049
14
68
259227


************************************************************************
***    "Gunbot Team"
************************************************************************
ADD these members to the sheet
466134
1321
230
94
157
30689
0
0
716
0
851
0
17589
0
1007
0
0
0
0

Anonymous
Anonymous

0
0
************************************************************************
***    "Solo"
************************************************************************
ADD these members to the sheet
2001038
1975261
1228848
983028
716662
859918
513129
573510
39913
107027
260703
30048
108727
127625
181522
259227
167759
211519
51340
132021
140875
14015
76810
87081
84832
88947
32109
390491
69386
48120
64575
75187
237010
50853
28193
642843
466134
52865
536214
77840
164655
167872
47176
75862
185116
237677
14995
77827
62163
49638
39097
68014
23866
17855
23173
27859
239810
24477
60391
74363
278268
77619
-1
12167
37732
15080
39089
47133
32576
15256
12190
15045
29968
40464
126974
14037
37178
13385
15413
11822
17701
22776
23337
18227
19233
19584
36793
30689
26988
12216
395544
17974
17669
15128
19075
11754
17197
15326
13903
16963
44125
139513
28651
65895
17589
19770
12538
10826
12455
12781
15391
12855
14823
40127
25265
20177
17442
16000
13814

DV

24563
results end here -------------------------------------------------------
