results start here -------------------------------------------------------
5652578
3130211
1992715
1257067
808688
400615
212923
0
0
0
0

91
26
11
25
13
21
0
0
0
0

55
18
8
16
9
8
0
0
0
0

28
11
4
10
8
1
0
0
0
0

1
2
3
4
5
6
0
0
0
0
PROCESSING SQUADS DONE
************************************************************************
***    "Team CloudBot"
************************************************************************
ADD these members to the sheet
727966
435119
196888
45388
137714
66603
110334
27232
42608
191456
32837
42493
38251
47939
-1
4799
82989
-1
10998
5659
7535
9392
5200
4805
7746
2852
886
2231
391
11913
14743
3815
2807
1057
179
11184
1689
110
0
0
279
0
0
0
1631
0
0
0
0
838
0
0
0
0
0
0
0
6191
0
0
0
0
802
0
0
0
0
11822
0
0
0
12516
2118
0
31898
187100
0
352562
95421
54057
1216
0
1294
0
0
-1
0
12190
15454
6696
298
0
0

Anonymous

0
************************************************************************
***    "All for Nash"
************************************************************************
ADD these members to the sheet
1283620
84589
94317
49401
206442
12481
25638
6970
2189
566
345
0
0
0
14705
0
84232
46953
6526
1836
0
0
9288
0
62608

Anonymous

0
************************************************************************
***    "The Trading Club"
************************************************************************
ADD these members to the sheet
1171269
17893
37603
5244
6854
12100
0
865
0
0
5237


************************************************************************
***    "Team Fabibi"
************************************************************************
ADD these members to the sheet
483792
85509
22830
9850
15719
26952
26529
11985
14859
3769
2559
2538
516
16834
0
77619
0
0
0
0
6821
0
0
0
0


************************************************************************
***    "The Nashians "
************************************************************************
ADD these members to the sheet
38457
14015
48202
27027
25666
15045
60269
0
3494
0
0
0
168437


************************************************************************
***    "Gunbot Team"
************************************************************************
ADD these members to the sheet
196725
551
188
94
0
7503
0
0
716
0
851
0
6294
0
0
0
0
0
0

Anonymous
Anonymous

0
0
************************************************************************
***    "Solo"
************************************************************************
ADD these members to the sheet
1283620
1171269
727966
483792
426209
435119
196888
352562
38457
45388
137714
30048
84232
84589
94317
168437
66603
110334
51340
85509
58553
14015
49401
27232
48202
42608
22830
191456
31921
32837
42493
44233
62482
38251
12030
187100
196725
52865
206442
46953
82989
95421
31898
54057
47939
62608
14743
27027
26529
15582
26952
12096
15454
15719
18139
18069
143550
14859
60269
58498
37603
77619
-1
12167
17893
12481
14705
25638
25666
15256
12190
15045
15770
18787
14887
14020
13504
12516
12100
11822
11985
11913
11184
11069
10998
10818

DV

16834
results end here -------------------------------------------------------
