results start here -------------------------------------------------------
6850854
3885109
2408937
1551043
1029937
440259
275098
0
0
0
0

96
34
11
25
13
21
0
0
0
0

66
24
8
17
9
9
0
0
0
0

30
16
7
10
8
2
0
0
0
0

1
2
3
4
5
6
0
0
0
0
PROCESSING SQUADS DONE
************************************************************************
***    "Team CloudBot"
************************************************************************
ADD these members to the sheet
877074
543394
295791
51705
180271
83258
138418
37856
49511
264695
37951
49394
50853
61228
-1
4799
104784
-1
15596
6219
9122
13401
7380
5996
8144
3898
932
2243
391
14167
14995
3815
2940
1057
179
13675
1861
161
0
0
358
0
11
0
1631
222
0
0
0
897
0
0
0
0
196
0
168
6191
0
0
0
795
802
68
0
0
0
11822
0
0
0
12890
2118
0
33891
190281
0
424828
113297
54057
1216
0
1294
0
0
-1
0
12190
16503
8564
789
0
0
20928
7052
879
1375
2608

Anonymous

0
************************************************************************
***    "All for Nash"
************************************************************************
ADD these members to the sheet
Morty
SpeedyGonzalez
Tunix
1430062
84589
112884
60663
290013
12791
30944
10806
6845
566
345
0
0
0
21148
0
89436
63188
12196
2711
0
394
9318
0
94888
42294
0
18080
12424
2299
-1
44
0
0

Anonymous

0
************************************************************************
***    "The Trading Club"
************************************************************************
ADD these members to the sheet
1415688
21181
68659
10305
10171
14070
0
865
0
0
10102


************************************************************************
***    "Team Fabibi"
************************************************************************
ADD these members to the sheet
658824
105050
25684
9850
17232
31521
34897
13504
18064
4204
2958
3044
619
19975
0
77619
0
0
0
29
6856
0
0
0
0


************************************************************************
***    "The Nashians "
************************************************************************
ADD these members to the sheet
38871
14015
56424
35700
29217
15045
60391
0
3494
0
0
0
187098


************************************************************************
***    "Gunbot Team"
************************************************************************
ADD these members to the sheet
246453
551
188
94
0
17188
0
0
716
0
851
0
8895
0
159
0
0
0
0

Anonymous
Anonymous

0
0
************************************************************************
***    "Solo"
************************************************************************
ADD these members to the sheet
VR
DPPA
SE
BMH
Desh
1430062
1415688
877074
658824
513707
543394
295791
424828
38871
51705
180271
30048
89436
84589
112884
187098
83258
138418
51340
105050
72484
14015
60663
37856
56424
49511
25684
264695
42294
37951
49394
53352
114920
50853
14471
190281
246453
52865
290013
63188
104784
113297
33891
54057
61228
94888
14995
35700
34897
15582
31521
36367
16503
17232
19617
18069
181950
18064
60391
58932
68659
77619
-1
12167
21181
12791
21148
30944
29217
15256
12190
15045
18080
24319
106528
14037
19371
12890
14070
11822
13504
14167
13675
12829
15596
12424
36793
17188
13401
12216
20928
11288
11457
11394
12196
10487
10806
10305
10278
10171
10102

DV

19975
results end here -------------------------------------------------------
