results start here -------------------------------------------------------
1351799
575418
532657
378735
197173
101232
6285
0
0
0
0

78
15
7
24
13
13
0
0
0
0

38
12
5
14
8
3
0
0
0
0

12
4
1
3
4
0
0
0
0
0

1
2
3
4
5
6
0
0
0
0
PROCESSING SQUADS DONE
************************************************************************
***    "Team CloudBot"
************************************************************************
ADD these members to the sheet
UncleGene
yaya
215448
73011
58945
33884
34338
19876
19468
13509
14213
15167
11991
11636
6464
7005
8285
4799
5645
2963
2864
2396
2114
2328
1830
1205
797
642
524
476
391
310
1977
238
178
158
120
113
59
32
0
0
0
0
0
0
0
0
0
0
0
0
0
0
0
0
0
0
0
0
0
0
0
0
0
0
0
0
0
0
0
0
0
0
0
0
0
0
0

Anonymous

0
************************************************************************
***    "All for Nash"
************************************************************************
ADD these members to the sheet
437243
28218
29045
15126
6245
5355
4060
1043
726
566
345
0
0
0
4682


************************************************************************
***    "The Trading Club"
************************************************************************
ADD these members to the sheet
366627
5704
3380
1755
1266
0
0


************************************************************************
***    "Team Fabibi"
************************************************************************
ADD these members to the sheet
126233
18979
13274
9850
8094
6866
7119
2409
1927
1203
540
497
111
64
0
0
0
0
0
0
0
0
0
0


************************************************************************
***    "The Nashians "
************************************************************************
ADD these members to the sheet
34978
14015
14085
3604
3409
1946
431
0
0
0
0
0
28761


************************************************************************
***    "Gunbot Team"
************************************************************************
ADD these members to the sheet
JT
5937
207
141
0
0
0
0
0
0
0
0
0
0


************************************************************************
***    "Solo"
************************************************************************
ADD these members to the sheet
LoL HK
437243
366627
215448
126233
119104
73011
58945
55168
34978
33884
34338
30048
30495
28218
29045
28761
19876
19468
17269
18979
16059
14015
15126
13509
14085
14213
13274
15167
12200
11991
11636
11327
10023


results end here -------------------------------------------------------
