results start here -------------------------------------------------------
15919152
9021636
5117376
2837546
1873361
682288
643446
0
0
0
0

108
38
15
25
13
21
0
0
0
0

78
29
11
17
12
10
0
0
0
0

42
20
8
12
8
3
0
0
0
0

1
2
3
4
5
6
0
0
0
0
PROCESSING SQUADS DONE
************************************************************************
***    "Team CloudBot"
************************************************************************
ADD these members to the sheet
1573563
1032274
663882
138245
267710
222101
250351
104793
114082
547863
186520
80253
80605
276133
-1
9110
170885
-1
45568
10353
13343
33592
20702
9967
38322
7847
4153
9416
391
29854
14995
7585
6149
20028
232
25718
2674
361
0
0
465
0
132
0
8554
2449
377
0
0
1824
0
0
0
0
404
0
703
6374
0
0
0
795
802
68
0
0
0
23568
0
0
0
13563
5570
243
54773
819217
0
645102
213285
75862
1216
0
3481
0
0
-1
1295
12190
28481
10826
2113
0
0
638724
28651
879
10877
2608
30627
18
74563
258901
12455
620
0
0
7496
1820
8
0

Anonymous

0
************************************************************************
***    "All for Nash"
************************************************************************
ADD these members to the sheet
2779999
142432
222963
84788
687754
21878
56508
20392
24123
1129
414
0
12
0
44638
0
124506
78972
30545
9496
0
1580
107121
0
412399
77573
0
29968
20726
5587
-1
44
0
0
243
99355
31921
297

Anonymous

0
************************************************************************
***    "The Trading Club"
************************************************************************
ADD these members to the sheet
2266571
44234
322117
18445
47600
15413
0
865
0
0
49280
68014
345
0
4658


************************************************************************
***    "Team Fabibi"
************************************************************************
ADD these members to the sheet
1317991
155289
34673
19770
18163
46204
77891
21831
38141
9147
5892
6890
905
27246
0
77619
0
0
0
165
15538
0
0
0
0


************************************************************************
***    "The Nashians "
************************************************************************
ADD these members to the sheet
40641
14015
96344
95496
39320
15045
60391
0
3494
2766
-1
68
312956
1747


************************************************************************
***    "Gunbot Team"
************************************************************************
ADD these members to the sheet
583099
1378
230
94
187
35499
0
0
716
0
1168
0
19840
0
1230
0
0
0
0

Anonymous
Anonymous

0
0
************************************************************************
***    "Solo"
************************************************************************
ADD these members to the sheet
2779999
2266571
1573563
1317991
872682
1032274
663882
645102
40641
138245
267710
30048
124506
142432
222963
312956
222101
250351
51340
155289
228339
14015
84788
104793
96344
114082
34673
547863
77573
186520
80253
99355
297554
80605
28193
819217
583099
52865
687754
78972
170885
213285
54773
75862
276133
412399
14995
95496
77891
74563
46204
68014
28481
18163
30627
33532
258901
38141
60391
81382
322117
77619
-1
12167
44234
21878
44638
56508
39320
15256
12190
15045
29968
48839
147987
14037
47311
13563
15413
23568
21831
29854
25718
20187
45568
20726
36793
35499
33592
12216
638724
21424
19597
31921
30545
11754
20392
18445
13903
47600
49280
139513
28651
107121
19840
19770
13343
10826
12455
20702
15391
14693
16414
40264
25265
24123
38322
26225
16266
28745
20028
15538
13054
12088
10877
10465
10353
22232

DV

27246
results end here -------------------------------------------------------
