results start here -------------------------------------------------------
16893931
9645284
5348296
3033066
2069399
698842
742507
0
0
0
0

109
39
16
25
13
21
0
0
0
0

79
29
12
17
12
10
0
0
0
0

45
21
8
12
8
3
0
0
0
0

1
2
3
4
6
5
0
0
0
0
PROCESSING SQUADS DONE
************************************************************************
***    "Team CloudBot"
************************************************************************
ADD these members to the sheet
1703327
1109374
717630
139595
272906
226412
256813
104793
116157
648634
191888
90277
80605
293424
-1
19685
178083
-1
46216
10353
16431
34359
24525
10136
40303
8293
4550
10440
391
31383
14995
7585
6457
20109
232
25718
2674
361
0
0
465
0
132
0
8554
2449
749
0
0
1824
0
0
0
0
404
0
703
6374
0
0
0
795
3107
68
0
0
0
23568
0
0
3698
13563
5865
243
55567
883869
0
672070
232711
75862
1216
0
3481
0
0
-1
1295
12190
28731
10826
2113
0
0
685441
28651
879
11714
2608
33067
18
78672
258901
17279
620
0
0
7496
2282
8
0
0

Anonymous

0
************************************************************************
***    "All for Nash"
************************************************************************
ADD these members to the sheet
2790251
169594
256234
96802
740975
22318
60992
21034
24327
1129
414
0
12
0
45414
0
126893
78972
49335
16091
0
1580
110369
0
436000
90704
0
29968
20726
6185
-1
44
0
0
295
118619
32709
297
0

Anonymous

0
************************************************************************
***    "The Trading Club"
************************************************************************
ADD these members to the sheet
2441838
44380
329416
19131
52987
15413
0
865
0
0
50834
68014
345
0
5668
4170


************************************************************************
***    "Team Fabibi"
************************************************************************
ADD these members to the sheet
1473176
171209
40460
19770
18163
55050
84082
23379
38880
9294
6282
8123
957
27246
0
77619
0
0
0
165
15538
0
0
0
0


************************************************************************
***    "The Nashians "
************************************************************************
ADD these members to the sheet
40641
14015
98490
98568
46594
15045
60391
0
6185
2790
-1
68
314279
1771


************************************************************************
***    "Gunbot Team"
************************************************************************
ADD these members to the sheet
670877
1378
230
94
192
42691
0
0
716
0
5215
0
19880
0
1230
0
0
0
0

Anonymous
Anonymous

0
0
************************************************************************
***    "Solo"
************************************************************************
ADD these members to the sheet
2790251
2441838
1703327
1473176
952941
1109374
717630
672070
40641
139595
272906
30048
126893
169594
256234
314279
226412
256813
86904
171209
235677
14015
96802
104793
98490
116157
40460
648634
90704
191888
90277
118619
315551
80605
28193
883869
670877
52865
740975
78972
178083
232711
55567
75862
293424
436000
14995
98568
84082
78672
55050
68014
28731
18163
33067
33532
258901
38880
60391
81972
329416
77619
-1
12167
44380
22318
45414
60992
46594
15256
12190
15045
29968
-1
147987
14037
54774
13563
15413
23568
23379
31383
25718
-1
46216
20726
36793
42691
34359
12216
685441
21424
22598
32709
49335
11754
21034
19131
15761
52987
50834
139513
28651
110369
19880
19770
16431
10826
17279
24525
15391
14836
16858
40264
31517
24327
40303
26225
17496
28745
20109
15538
13069
12088
11714
10465
10353
22232
61788
22787
19685
16091
12931
10440
10136

DV

27246
results end here -------------------------------------------------------
