results start here -------------------------------------------------------
6720877
3806328
2332813
1514381
1014501
432020
269218
0
0
0
0

96
32
11
25
13
21
0
0
0
0

65
23
8
17
9
9
0
0
0
0

30
15
4
10
8
2
0
0
0
0

1
2
3
4
5
6
0
0
0
0
PROCESSING SQUADS DONE
************************************************************************
***    "Team CloudBot"
************************************************************************
ADD these members to the sheet
NB
857794
532437
287481
50598
173093
82444
136611
35313
49473
263877
37697
48954
50853
60011
-1
4799
102852
-1
14771
6160
9032
13179
6975
5897
8144
3700
932
2243
391
13892
14995
3815
2940
1057
179
13675
1809
110
0
0
358
0
11
0
1631
106
0
0
0
897
0
0
0
0
196
0
168
6191
0
0
0
0
802
68
0
0
0
11822
0
0
0
12890
2118
0
33891
189502
0
416001
111434
54057
1216
0
1294
0
0
-1
0
12190
16004
8564
730
0
0
16732
4758
879
997
2608

Anonymous

0
************************************************************************
***    "All for Nash"
************************************************************************
ADD these members to the sheet
NNN
TK
LLF
YR
1379139
84589
111136
59118
278312
12791
29792
9979
6393
566
345
0
0
0
20222
0
89436
63188
11742
2427
0
0
9318
0
89769
42095
0
17795
12369
2236
44

Anonymous

0
************************************************************************
***    "The Trading Club"
************************************************************************
ADD these members to the sheet
1385271
21079
64068
9663
9971
14007
0
865
0
0
9453


************************************************************************
***    "Team Fabibi"
************************************************************************
ADD these members to the sheet
647773
103664
25285
9850
16778
31194
34083
13414
17541
4163
2906
2989
619
19739
0
77619
0
0
0
22
6856
0
0
0
0


************************************************************************
***    "The Nashians "
************************************************************************
ADD these members to the sheet
38871
14015
55131
35005
29013
15045
60391
0
3494
0
0
0
181052


************************************************************************
***    "Gunbot Team"
************************************************************************
ADD these members to the sheet
241840
551
188
94
0
16589
0
0
716
0
851
0
8315
0
70
0
0
0
0

Anonymous
Anonymous

0
0
************************************************************************
***    "Solo"
************************************************************************
ADD these members to the sheet
JLHC
1379139
1385271
857794
647773
510083
532437
287481
416001
38871
50598
173093
30048
89436
84589
111136
181052
82444
136611
51340
103664
70599
14015
59118
35313
55131
49473
25285
263877
42095
37697
48954
52354
108882
50853
14342
189502
241840
52865
278312
63188
102852
111434
33891
54057
60011
89769
14995
35005
34083
15582
31194
30460
16004
16778
19467
18069
179289
17541
60391
58932
64068
77619
-1
12167
21079
12791
20222
29792
29013
15256
12190
15045
17795
22776
106528
14037
18807
12890
14007
11822
13414
13892
13675
12474
14771
12369
36793
16589
13179
12216
16732
11288
11198
11246
11742
10045

DV

19739
results end here -------------------------------------------------------
