results start here -------------------------------------------------------
6559015
3682268
2232297
1472139
989382
426791
264990
0
0
0
0

94
27
11
25
13
21
0
0
0
0

62
19
8
17
9
8
0
0
0
0

30
13
4
10
8
2
0
0
0
0

1
2
3
4
5
6
0
0
0
0
PROCESSING SQUADS DONE
************************************************************************
***    "Team CloudBot"
************************************************************************
ADD these members to the sheet
AS
cryptika
KB
839391
519975
273022
49125
167802
80055
134232
32765
48507
231535
37372
47427
50853
58269
-1
4799
100534
-1
13534
6126
8852
12309
6916
5837
8144
3700
932
2243
391
13606
14995
3815
2906
1057
179
13675
1809
110
0
0
358
0
11
0
1631
29
0
0
0
897
0
0
0
0
196
0
168
6191
0
0
0
0
802
0
0
0
0
11822
0
0
0
12890
2118
0
33492
188802
0
408311
109177
54057
1216
0
1294
0
0
-1
0
12190
15725
8357
596
0
0
11952
2278
879

Anonymous

0
************************************************************************
***    "All for Nash"
************************************************************************
ADD these members to the sheet
JMHW
1327344
84589
109139
58567
270645
12791
28337
8946
6050
566
345
0
0
0
19489
0
89436
63188
10344
2427
0
0
9318
0
88771
41996

Anonymous

0
************************************************************************
***    "The Trading Club"
************************************************************************
ADD these members to the sheet
1350965
20734
58472
8775
9419
13832
0
865
0
0
9073


************************************************************************
***    "Team Fabibi"
************************************************************************
ADD these members to the sheet
628002
102033
24912
9850
16577
30621
32524
13282
16795
4080
2880
2965
619
19739
0
77619
0
0
0
22
6856
0
0
0
0


************************************************************************
***    "The Nashians "
************************************************************************
ADD these members to the sheet
38871
14015
53813
33903
28119
15045
60391
0
3494
0
0
0
179136


************************************************************************
***    "Gunbot Team"
************************************************************************
ADD these members to the sheet
238442
551
188
94
0
16190
0
0
716
0
851
0
7956
0
0
0
0
0
0

Anonymous
Anonymous

0
0
************************************************************************
***    "Solo"
************************************************************************
ADD these members to the sheet
SOS
PhiJey
JMPP
JK
AS
RJT
MA
MS
Flywheel
1327344
1350965
839391
628002
508898
519975
273022
408311
38871
49125
167802
30048
89436
84589
109139
179136
80055
134232
51340
102033
68661
14015
58567
32765
53813
48507
24912
231535
41996
37372
47427
50860
103596
50853
12769
188802
238442
52865
270645
63188
100534
109177
33492
54057
58269
88771
14995
33903
32524
15582
30621
23106
15725
16577
19317
18069
175943
16795
60391
58932
58472
77619
-1
12167
20734
12791
19489
28337
28119
15256
12190
15045
17225
21270
106528
14037
18342
12890
13832
11822
13282
13606
13675
12348
13534
12265
36793
16190
12309
12216
11952
11288
11128
11070
10344

DV

19739
results end here -------------------------------------------------------
