results start here -------------------------------------------------------
17808930
10264438
5534687
3074018
2333438
743335
785542
0
0
0
0

111
39
17
25
13
21
0
0
0
0

82
30
13
17
12
10
0
0
0
0

47
22
8
12
8
3
0
0
0
0

1
2
3
4
6
5
0
0
0
0
PROCESSING SQUADS DONE
************************************************************************
***    "Team CloudBot"
************************************************************************
ADD these members to the sheet
1776106
1197597
758836
145236
274229
262310
267106
108408
119794
727270
197654
100298
80605
302076
-1
20877
183245
-1
54276
10670
18374
37427
29714
11183
42562
8442
4717
10503
391
33673
14995
7585
7563
23329
232
25718
2674
361
1469
0
480
0
132
0
9569
2449
2307
0
0
1824
0
0
0
0
404
0
703
6374
0
0
0
795
3348
68
0
0
0
23568
0
0
12568
13670
5865
243
57954
956872
0
697503
246505
75862
1216
0
4284
0
0
-1
1295
12190
29548
10826
2113
0
0
744059
28651
879
12252
2608
35110
18
81377
258901
22901
713
0
0
7496
2958
8
0
0
10587
7841

Anonymous

0
************************************************************************
***    "All for Nash"
************************************************************************
ADD these members to the sheet
2798340
196445
262632
101588
780080
22764
69831
23749
24787
1129
414
0
12
0
46923
0
140455
85001
49335
16306
0
1580
111438
0
476762
92583
0
29968
20726
6987
-1
44
11212
0
295
128845
34144
297
0

Anonymous

0
************************************************************************
***    "The Trading Club"
************************************************************************
ADD these members to the sheet
2471605
45227
333244
21455
54486
15413
0
865
0
0
51480
68014
345
0
7562
4248
68


************************************************************************
***    "Team Fabibi"
************************************************************************
ADD these members to the sheet
-1
178976
41071
19770
18163
57497
89741
24884
38978
9725
6813
8638
1091
27246
0
77619
0
0
0
165
17934
0
0
0
0
1715120


************************************************************************
***    "The Nashians "
************************************************************************
ADD these members to the sheet
40641
14015
107622
99877
48626
15045
60391
0
9573
2790
-1
68
342787
1896


************************************************************************
***    "Gunbot Team"
************************************************************************
ADD these members to the sheet
699493
2815
501
94
192
52266
0
0
3494
0
5215
0
20238
0
1230
0
0
0
0

Anonymous
Anonymous

0
0
************************************************************************
***    "Solo"
************************************************************************
ADD these members to the sheet
2798340
2471605
1776106
-1
990357
1197597
758836
697503
40641
145236
274229
30048
140455
196445
262632
342787
262310
267106
92231
178976
236986
14015
101588
108408
107622
119794
41071
727270
92583
197654
100298
128845
320893
80605
28193
956872
699493
52865
780080
85001
183245
246505
57954
75862
302076
476762
14995
99877
89741
81377
57497
68014
29548
18163
35110
33532
258901
38978
60391
83094
333244
77619
-1
12167
45227
22764
46923
69831
48626
15256
12190
15045
29968
-1
160541
14037
58546
13670
15413
23568
24884
33673
25718
-1
54276
20726
36793
52266
37427
12216
744059
21424
25642
34144
49335
15537
23749
21455
21466
54486
51480
268714
28651
111438
20238
19770
18374
10826
22901
29714
15391
17717
22139
40264
38403
24787
42562
26225
19628
28745
23329
17934
13885
15955
12252
10465
10670
22232
73514
27024
20877
16306
13085
10503
11183
1715120
13297
11212
10587
12568

DV

27246
results end here -------------------------------------------------------
