results start here -------------------------------------------------------
17681338
10147093
5523596
3071457
2285795
732449
781218
0
0
0
0

111
39
16
25
13
21
0
0
0
0

82
30
12
17
12
10
0
0
0
0

46
22
8
12
8
3
0
0
0
0

1
2
3
4
6
5
0
0
0
0
PROCESSING SQUADS DONE
************************************************************************
***    "Team CloudBot"
************************************************************************
ADD these members to the sheet
RB
VNP
1770215
1183236
754480
144937
273737
262081
266229
104793
118784
691175
196501
98327
80605
301602
-1
20877
181727
-1
52976
10605
18225
36556
29349
10996
42399
8398
4550
10503
391
33577
14995
7585
7338
23316
232
25718
2674
361
1087
0
480
0
132
0
9494
2449
1917
0
0
1824
0
0
0
0
404
0
703
6374
0
0
0
795
3348
68
0
0
0
23568
0
0
9392
13670
5865
243
56959
941733
0
689625
244863
75862
1216
0
4284
0
0
-1
1295
12190
29548
10826
2113
0
0
736026
28651
879
12163
2608
34961
18
80912
258901
22847
713
0
0
7496
2958
8
0
0
10587
4952

Anonymous

0
************************************************************************
***    "All for Nash"
************************************************************************
ADD these members to the sheet
2798041
196445
262632
100796
774937
22764
69280
23602
24713
1129
414
0
12
0
46774
0
139955
85001
49335
16306
0
1580
111308
0
476215
92583
0
29968
20726
6864
-1
44
11212
0
295
126521
33833
297
0

Anonymous

0
************************************************************************
***    "The Trading Club"
************************************************************************
ADD these members to the sheet
2470594
45227
332022
21336
54433
15413
0
865
0
0
51394
68014
345
0
7562
4248


************************************************************************
***    "Team Fabibi"
************************************************************************
ADD these members to the sheet
COINDER
-1
178668
41071
19770
18163
57361
89692
24311
38978
9676
6813
8576
1070
27246
0
77619
0
0
0
165
17934
0
0
0
0
1668675


************************************************************************
***    "The Nashians "
************************************************************************
ADD these members to the sheet
40641
14015
106484
99847
48345
15045
60391
0
8877
2790
-1
68
334045
1896


************************************************************************
***    "Gunbot Team"
************************************************************************
ADD these members to the sheet
698560
1987
370
94
192
49873
0
0
3494
0
5215
0
20198
0
1230
0
0
0
0

Anonymous
Anonymous

0
0
************************************************************************
***    "Solo"
************************************************************************
ADD these members to the sheet
COINDER
AMG
SpeedyGonzalez
RB
2798041
2470594
1770215
-1
985500
1183236
754480
689625
40641
144937
273737
30048
139955
196445
262632
334045
262081
266229
92231
178668
236986
14015
100796
104793
106484
118784
41071
691175
92583
196501
98327
126521
318832
80605
28193
941733
698560
52865
774937
85001
181727
244863
56959
75862
301602
476215
14995
99847
89692
80912
57361
68014
29548
18163
34961
33532
258901
38978
60391
83094
332022
77619
-1
12167
45227
22764
46774
69280
48345
15256
12190
15045
29968
-1
147987
14037
57959
13670
15413
23568
24311
33577
25718
-1
52976
20726
36793
49873
36556
12216
736026
21424
24750
33833
49335
15537
23602
21336
21466
54433
51394
268714
28651
111308
20198
19770
18225
10826
22847
29349
15391
16237
22036
40264
31517
24713
42399
26225
19350
28745
23316
17934
13885
14000
12163
10465
10605
22232
72900
27024
20877
16306
13085
10503
10996
1668675
13297
11212
10587

DV

27246
results end here -------------------------------------------------------
