results start here -------------------------------------------------------
15798549
8953052
5096077
2830363
1838310
681882
634261
0
0
0
0

108
38
15
25
13
21
0
0
0
0

78
29
11
17
12
10
0
0
0
0

42
20
8
12
8
3
0
0
0
0

1
2
3
4
5
6
0
0
0
0
PROCESSING SQUADS DONE
************************************************************************
***    "Team CloudBot"
************************************************************************
ADD these members to the sheet
1568144
1032273
637937
138245
267710
221742
250351
104793
114082
535497
186145
79360
80605
269108
-1
9026
170885
-1
45568
10353
13343
33453
20702
9900
38322
7798
4086
9261
391
29754
14995
7585
6149
19866
232
25718
2674
361
0
0
465
0
132
0
8554
2449
377
0
0
1824
0
0
0
0
404
0
703
6374
0
0
0
795
802
68
0
0
0
23568
0
0
0
13563
5570
243
54773
813831
0
645102
210094
75862
1216
0
3481
0
0
-1
1295
12190
28481
10826
2113
0
0
632431
28651
879
10817
2608
30377
18
74363
258901
12455
620
0
0
7496
1820
8
0

Anonymous

0
************************************************************************
***    "All for Nash"
************************************************************************
ADD these members to the sheet
2779999
142432
222963
84788
675050
21489
56460
20198
24088
1129
414
0
12
0
44638
0
124506
78972
26651
9496
0
1580
106615
0
412399
76473
0
29968
20696
5587
-1
44
0
0
243
97124
31752
297

Anonymous

0
************************************************************************
***    "The Trading Club"
************************************************************************
ADD these members to the sheet
2264193
44234
319581
18177
47508
15413
0
865
0
0
47370
68014
345
0
4658


************************************************************************
***    "Team Fabibi"
************************************************************************
ADD these members to the sheet
1286475
153426
34574
19770
18163
46204
76592
21681
38141
9097
5892
6815
905
27246
0
77619
0
0
0
165
15538
0
0
0
0


************************************************************************
***    "The Nashians "
************************************************************************
ADD these members to the sheet
40641
14015
96294
95224
39236
15045
60391
0
3494
2766
-1
68
312956
1747


************************************************************************
***    "Gunbot Team"
************************************************************************
ADD these members to the sheet
573915
1378
230
94
187
35499
0
0
716
0
1168
0
19840
0
1230
0
0
0
0

Anonymous
Anonymous

0
0
************************************************************************
***    "Solo"
************************************************************************
ADD these members to the sheet
2779999
2264193
1568144
1286475
868011
1032273
637937
645102
40641
138245
267710
30048
124506
142432
222963
312956
221742
250351
51340
153426
228339
14015
84788
104793
96294
114082
34574
535497
76473
186145
79360
97124
296379
80605
28193
813831
573915
52865
675050
78972
170885
210094
54773
75862
269108
412399
14995
95224
76592
74363
46204
68014
28481
18163
30377
33532
258901
38141
60391
81382
319581
77619
-1
12167
44234
21489
44638
56460
39236
15256
12190
15045
29968
48569
147987
14037
46803
13563
15413
23568
21681
29754
25718
20187
45568
20696
36793
35499
33453
12216
632431
21424
19397
31752
26651
11754
20198
18177
13903
47508
47370
139513
28651
106615
19840
19770
13343
10826
12455
20702
15391
14602
16414
40264
25265
24088
38322
26225
16176
28745
19866
15538
13054
12088
10817
10465
10353
22232

DV

27246
results end here -------------------------------------------------------
