results start here -------------------------------------------------------
17705255
10175512
5525371
3071934
2293411
733222
781696
0
0
0
0

111
39
16
25
13
21
0
0
0
0

82
30
12
17
12
10
0
0
0
0

46
22
8
12
8
3
0
0
0
0

1
2
3
4
6
5
0
0
0
0
PROCESSING SQUADS DONE
************************************************************************
***    "Team CloudBot"
************************************************************************
ADD these members to the sheet
1771189
1186793
755584
145029
273737
262104
266229
106305
118784
701187
196811
99042
80605
301621
-1
20877
182161
-1
52976
10670
18274
36580
29349
11035
42399
8412
4550
10503
391
33577
14995
7585
7428
23329
232
25718
2674
361
1330
0
480
0
132
0
9569
2449
2307
0
0
1824
0
0
0
0
404
0
703
6374
0
0
0
795
3348
68
0
0
0
23568
0
0
9455
13670
5865
243
57357
944688
0
691316
244927
75862
1216
0
4284
0
0
-1
1295
12190
29548
10826
2113
0
0
738755
28651
879
12178
2608
35011
18
80912
258901
22847
713
0
0
7496
2958
8
0
0
10587
5651

Anonymous

0
************************************************************************
***    "All for Nash"
************************************************************************
ADD these members to the sheet
2798041
196445
262632
100994
775718
22764
69531
23602
24713
1129
414
0
12
0
46838
0
139955
85001
49335
16306
0
1580
111324
0
476217
92583
0
29968
20726
6880
-1
44
11212
0
295
126967
33833
297
0

Anonymous

0
************************************************************************
***    "The Trading Club"
************************************************************************
ADD these members to the sheet
2470745
45227
332331
21351
54433
15413
0
865
0
0
51394
68014
345
0
7562
4248


************************************************************************
***    "Team Fabibi"
************************************************************************
ADD these members to the sheet
-1
178873
41071
19770
18163
57395
89741
24347
38978
9676
6813
8601
1081
27246
0
77619
0
0
0
165
17934
0
0
0
0
1675930


************************************************************************
***    "The Nashians "
************************************************************************
ADD these members to the sheet
40641
14015
106700
99847
48404
15045
60391
0
9077
2790
-1
68
334343
1896


************************************************************************
***    "Gunbot Team"
************************************************************************
ADD these members to the sheet
698591
1987
400
94
192
50271
0
0
3494
0
5215
0
20218
0
1230
0
0
0
0

Anonymous
Anonymous

0
0
************************************************************************
***    "Solo"
************************************************************************
ADD these members to the sheet
2798041
2470745
1771189
-1
986811
1186793
755584
691316
40641
145029
273737
30048
139955
196445
262632
334343
262104
266229
92231
178873
236986
14015
100994
106305
106700
118784
41071
701187
92583
196811
99042
126967
318832
80605
28193
944688
698591
52865
775718
85001
182161
244927
57357
75862
301621
476217
14995
99847
89741
80912
57395
68014
29548
18163
35011
33532
258901
38978
60391
83094
332331
77619
-1
12167
45227
22764
46838
69531
48404
15256
12190
15045
29968
-1
150791
14037
58203
13670
15413
23568
24347
33577
25718
-1
52976
20726
36793
50271
36580
12216
738755
21424
24750
33833
49335
15537
23602
21351
21466
54433
51394
268714
28651
111324
20218
19770
18274
10826
22847
29349
15391
16338
22139
40264
31517
24713
42399
26225
19414
28745
23329
17934
13885
15955
12178
10465
10670
22232
73105
27024
20877
16306
13085
10503
11035
1675930
13297
11212
10587

DV

27246
results end here -------------------------------------------------------
