results start here -------------------------------------------------------
3231958
1743715
1209714
758709
453756
196523
90358
0
0
0
0

86
24
9
25
13
16
0
0
0
0

49
17
6
15
8
7
0
0
0
0

21
7
1
7
6
1
0
0
0
0

1
2
3
4
5
6
0
0
0
0
PROCESSING SQUADS DONE
************************************************************************
***    "Team CloudBot"
************************************************************************
ADD these members to the sheet
402184
211869
141487
42670
71354
39667
47307
13509
22609
112406
18543
28867
12860
22153
-1
4799
51505
4046
7116
3929
4510
3892
4880
3080
2889
1843
886
1415
391
4288
14743
2751
772
158
165
182
671
96
0
0
0
0
0
0
1556
0
0
0
0
164
0
0
0
0
0
0
0
0
0
0
0
0
802
0
0
0
0
0
0
0
0
5067
974
0
22756
124532
0
185271
45859
43197
931
0
0
0
0
6092

Anonymous

0
************************************************************************
***    "All for Nash"
************************************************************************
ADD these members to the sheet
837383
56910
70235
31033
52219
8129
6745
2028
862
566
345
0
0
0
9545
0
79435
45821
1907
866
0
0
5680

Anonymous

0
************************************************************************
***    "The Trading Club"
************************************************************************
ADD these members to the sheet
725044
8616
9122
4799
2623
8502
0
0
0


************************************************************************
***    "Team Fabibi"
************************************************************************
ADD these members to the sheet
301414
43835
20276
9850
12520
13944
14697
5420
10214
2999
1031
1354
429
9884
0
0
0
0
0
0
5881
0
0
0
0


************************************************************************
***    "The Nashians "
************************************************************************
ADD these members to the sheet
35682
14015
27746
15249
9766
6120
21424
0
0
0
0
0
66517


************************************************************************
***    "Gunbot Team"
************************************************************************
ADD these members to the sheet
86916
246
143
0
0
1896
0
0
501
0
483
0
170
0

Anonymous
Anonymous

0
0
************************************************************************
***    "Solo"
************************************************************************
ADD these members to the sheet
Radpath
837383
725044
402184
301414
209386
211869
141487
185271
35682
42670
71354
30048
79435
56910
70235
66517
39667
47307
51340
43835
27808
14015
31033
13509
27746
22609
20276
112406
20612
18543
28867
21614
32897
12860
12030
124532
86916
52865
52219
45821
51505
45859
22756
43197
22153
18009
14743
15249
14697
14287
13944
12096
13005
12520
11893
11897
30556
10214
21424
16277


results end here -------------------------------------------------------
