results start here -------------------------------------------------------
17742560
10211310
5528776
3072608
2305780
737647
782174
0
0
0
0

111
39
17
25
13
21
0
0
0
0

82
30
13
17
12
10
0
0
0
0

47
22
8
12
8
3
0
0
0
0

1
2
3
4
6
5
0
0
0
0
PROCESSING SQUADS DONE
************************************************************************
***    "Team CloudBot"
************************************************************************
ADD these members to the sheet
1773462
1191201
758083
145144
273931
262206
266428
106305
119794
714856
196990
99472
80605
301869
-1
20877
182396
-1
52976
10670
18324
37020
29521
11107
42427
8412
4597
10503
391
33577
14995
7585
7472
23329
232
25718
2674
361
1410
0
480
0
132
0
9569
2449
2307
0
0
1824
0
0
0
0
404
0
703
6374
0
0
0
795
3348
68
0
0
0
23568
0
0
10686
13670
5865
243
57557
948663
0
693342
245427
75862
1216
0
4284
0
0
-1
1295
12190
29548
10826
2113
0
0
739127
28651
879
12193
2608
35060
18
81276
258901
22847
713
0
0
7496
2958
8
0
0
10587
6219

Anonymous

0
************************************************************************
***    "All for Nash"
************************************************************************
ADD these members to the sheet
2798340
196445
262632
101489
776811
22764
69601
23632
24742
1129
414
0
12
0
46838
0
140355
85001
49335
16306
0
1580
111340
0
476251
92583
0
29968
20726
6908
-1
44
11212
0
295
127661
34050
297
0

Anonymous

0
************************************************************************
***    "The Trading Club"
************************************************************************
ADD these members to the sheet
Camaro
2470745
45227
332845
21440
54436
15413
0
865
0
0
51394
68014
345
0
7562
4248
68


************************************************************************
***    "Team Fabibi"
************************************************************************
ADD these members to the sheet
-1
178976
41071
19770
18163
57395
89741
24627
38978
9676
6813
8613
1081
27246
0
77619
0
0
0
165
17934
0
0
0
0
1687904


************************************************************************
***    "The Nashians "
************************************************************************
ADD these members to the sheet
40641
14015
107212
99847
48547
15045
60391
0
9176
2790
-1
68
338014
1896


************************************************************************
***    "Gunbot Team"
************************************************************************
ADD these members to the sheet
698628
1987
422
94
192
50669
0
0
3494
0
5215
0
20238
0
1230
0
0
0
0

Anonymous
Anonymous

0
0
************************************************************************
***    "Solo"
************************************************************************
ADD these members to the sheet
MMT
2798340
2470745
1773462
-1
988398
1191201
758083
693342
40641
145144
273931
30048
140355
196445
262632
338014
262206
266428
92231
178976
236986
14015
101489
106305
107212
119794
41071
714856
92583
196990
99472
127661
318911
80605
28193
948663
698628
52865
776811
85001
182396
245427
57557
75862
301869
476251
14995
99847
89741
81276
57395
68014
29548
18163
35060
33532
258901
38978
60391
83094
332845
77619
-1
12167
45227
22764
46838
69601
48547
15256
12190
15045
29968
-1
153823
14037
58267
13670
15413
23568
24627
33577
25718
-1
52976
20726
36793
50669
37020
12216
739127
21424
25263
34050
49335
15537
23632
21440
21466
54436
51394
268714
28651
111340
20238
19770
18324
10826
22847
29521
15391
16703
22139
40264
31523
24742
42427
26225
19564
28745
23329
17934
13885
15955
12193
10465
10670
22232
73310
27024
20877
16306
13085
10503
11107
1687904
13297
11212
10587
10686

DV

27246
results end here -------------------------------------------------------
