results start here -------------------------------------------------------
12079380
7135713
3844981
2471582
1480552
591236
523434
0
0
0
0

104
37
15
25
13
21
0
0
0
0

74
27
10
17
12
10
0
0
0
0

39
20
8
11
8
3
0
0
0
0

1
2
3
4
5
6
0
0
0
0
PROCESSING SQUADS DONE
************************************************************************
***    "Team CloudBot"
************************************************************************
ADD these members to the sheet
1246552
872100
516887
108110
261797
172434
215622
88460
90914
390491
48383
65740
50853
191300
-1
4799
165252
-1
19233
9830
12538
27052
12871
8349
18036
6184
3689
8261
391
22976
14995
6994
5749
2272
232
23537
2355
361
0
0
451
0
132
0
7360
2449
377
0
0
897
0
0
0
0
360
0
703
6374
0
0
0
795
802
68
0
0
0
16797
0
0
0
13385
5225
94
47574
679957
0
581164
170133
75862
1216
0
2430
0
0
-1
0
12190
24015
10826
1994
0
0
410457
28651
879
7322
2608
23322
18
50582
239810
12455
346
0
0

Anonymous

0
************************************************************************
***    "All for Nash"
************************************************************************
ADD these members to the sheet
2015142
127625
191155
77937
548596
15131
48359
17297
20260
566
414
0
0
0
39195
0
111672
77840
19075
5347
0
1580
68814
0
243791
69386
0
29968
19584
4891
-1
44
0
0
243
75535
15521

Anonymous

0
************************************************************************
***    "The Trading Club"
************************************************************************
ADD these members to the sheet
1984315
37871
288148
15400
17082
15413
0
865
0
0
44125
68014
345
0
0


************************************************************************
***    "Team Fabibi"
************************************************************************
ADD these members to the sheet
1001187
133347
32312
19770
17855
39134
62938
17701
25668
7388
4952
5884
865
24563
0
77619
0
0
0
165
9196
0
0
0
0


************************************************************************
***    "The Nashians "
************************************************************************
ADD these members to the sheet
39913
14015
85244
78449
33323
15045
60391
0
3494
2049
14
68
259227


************************************************************************
***    "Gunbot Team"
************************************************************************
ADD these members to the sheet
470392
1321
230
94
157
30689
0
0
716
0
851
0
17928
0
1052
0
0
0
0

Anonymous
Anonymous

0
0
************************************************************************
***    "Solo"
************************************************************************
ADD these members to the sheet
2015142
1984315
1246552
1001187
724944
872100
516887
581164
39913
108110
261797
30048
111672
127625
191155
259227
172434
215622
51340
133347
145446
14015
77937
88460
85244
90914
32312
390491
69386
48383
65740
75535
241563
50853
28193
679957
470392
52865
548596
77840
165252
170133
47574
75862
191300
243791
14995
78449
62938
50582
39134
68014
24015
17855
23322
27859
239810
25668
60391
74813
288148
77619
-1
12167
37871
15131
39195
48359
33323
15256
12190
15045
29968
40464
126974
14037
37387
13385
15413
16797
17701
22976
23537
18227
19233
19584
36793
30689
27052
12216
410457
17974
17738
15521
19075
11754
17297
15400
13903
17082
44125
139513
28651
68814
17928
19770
12538
10826
12455
12871
15391
12909
15081
40264
25265
20260
18036
16000
13873

DV

24563
results end here -------------------------------------------------------
