results start here -------------------------------------------------------
16828814
9583742
5331759
3024333
2059168
694939
728783
0
0
0
0

109
39
16
25
13
21
0
0
0
0

79
29
12
17
12
10
0
0
0
0

45
21
8
12
8
3
0
0
0
0

1
2
3
4
6
5
0
0
0
0
PROCESSING SQUADS DONE
************************************************************************
***    "Team CloudBot"
************************************************************************
ADD these members to the sheet
1698591
1106997
715335
139059
272657
226014
256713
104793
115890
624661
191493
89877
80605
293102
-1
19224
177601
-1
45737
10353
16101
34336
24525
10136
40177
8233
4486
10380
391
31251
14995
7585
6375
20109
232
25718
2674
361
0
0
465
0
132
0
8554
2449
749
0
0
1824
0
0
0
0
404
0
703
6374
0
0
0
795
2481
68
0
0
0
23568
0
0
2657
13563
5865
243
55567
875594
0
670294
231809
75862
1216
0
3481
0
0
-1
1295
12190
28731
10826
2113
0
0
676999
28651
879
11519
2608
32768
18
78195
258901
16368
620
0
0
7496
2033
8
0
0

Anonymous

0
************************************************************************
***    "All for Nash"
************************************************************************
ADD these members to the sheet
2788451
169427
253677
95046
739515
22318
60410
20998
24309
1129
414
0
12
0
45157
0
125500
78972
49335
15805
0
1580
110077
0
433661
90450
0
29968
20726
5993
-1
44
0
0
295
115657
32522
297
0

Anonymous

0
************************************************************************
***    "The Trading Club"
************************************************************************
ADD these members to the sheet
2434916
44380
329245
19117
52420
15413
0
865
0
0
50786
68014
345
0
4658
4170


************************************************************************
***    "Team Fabibi"
************************************************************************
ADD these members to the sheet
1467986
169695
39102
19770
18163
54201
83020
23349
38880
9294
6209
7967
957
27246
0
77619
0
0
0
165
15538
0
0
0
0


************************************************************************
***    "The Nashians "
************************************************************************
ADD these members to the sheet
40641
14015
98186
98065
44918
15045
60391
0
5687
2790
-1
68
313359
1771


************************************************************************
***    "Gunbot Team"
************************************************************************
ADD these members to the sheet
658748
1378
230
94
192
41096
0
0
716
0
5215
0
19880
0
1230
0
0
0
0

Anonymous
Anonymous

0
0
************************************************************************
***    "Solo"
************************************************************************
ADD these members to the sheet
2788451
2434916
1698591
1467986
949713
1106997
715335
670294
40641
139059
272657
30048
125500
169427
253677
313359
226014
256713
86904
169695
234624
14015
95046
104793
98186
115890
39102
624661
90450
191493
89877
115657
315027
80605
28193
875594
658748
52865
739515
78972
177601
231809
55567
75862
293102
433661
14995
98065
83020
78195
54201
68014
28731
18163
32768
33532
258901
38880
60391
81791
329245
77619
-1
12167
44380
22318
45157
60410
44918
15256
12190
15045
29968
-1
147987
14037
54460
13563
15413
23568
23349
31251
25718
-1
45737
20726
36793
41096
34336
12216
676999
21424
22598
32522
49335
11754
20998
19117
15761
52420
50786
139513
28651
110077
19880
19770
16101
10826
16368
24525
15391
14836
16858
40264
31517
24309
40177
26225
17297
28745
20109
15538
13069
12088
11519
10465
10353
22232
59927
21418
19224
15805
11691
10380
10136

DV

27246
results end here -------------------------------------------------------
