results start here -------------------------------------------------------
5616844
3108548
1986111
1244211
795940
400071
210523
0
0
0
0

91
26
11
25
13
21
0
0
0
0

55
18
8
16
9
8
0
0
0
0

28
11
4
10
8
1
0
0
0
0

1
2
3
4
5
6
0
0
0
0
PROCESSING SQUADS DONE
************************************************************************
***    "Team CloudBot"
************************************************************************
ADD these members to the sheet
Cryptomillonaire
720436
434847
195216
45388
136203
66253
107836
27232
42557
191056
32498
42469
38251
46071
-1
4799
81533
-1
10869
5659
7535
9117
5200
4763
7447
2837
886
2231
391
11636
14743
3815
2807
1057
179
11184
1674
110
0
0
279
0
0
0
1631
0
0
0
0
778
0
0
0
0
0
0
0
6191
0
0
0
0
802
0
0
0
0
11822
0
0
0
12501
2118
0
31499
186397
0
352358
94163
54057
1216
0
1294
0
0
-1
0
12190
15454
6696
298
0
0

Anonymous

0
************************************************************************
***    "All for Nash"
************************************************************************
ADD these members to the sheet
1283620
84589
94317
49401
200700
12481
25416
6921
2074
566
345
0
0
0
14416
0
84232
46918
6526
1836
0
0
9136
0
62608

Anonymous

0
************************************************************************
***    "The Trading Club"
************************************************************************
ADD these members to the sheet
1158987
17783
37603
5244
6779
12020
0
865
0
0
4927


************************************************************************
***    "Team Fabibi"
************************************************************************
ADD these members to the sheet
473481
84174
22830
9850
15719
26952
26083
11853
14859
3769
2559
2478
516
16369
0
77619
0
0
0
0
6821
0
0
0
0


************************************************************************
***    "The Nashians "
************************************************************************
ADD these members to the sheet
38457
14015
47947
26738
25666
15045
60269
0
3494
0
0
0
168437


************************************************************************
***    "Gunbot Team"
************************************************************************
ADD these members to the sheet
194324
551
188
94
0
7503
0
0
716
0
851
0
6294
0
0
0
0
0
0

Anonymous
Anonymous

0
0
************************************************************************
***    "Solo"
************************************************************************
ADD these members to the sheet
1283620
1158987
720436
473481
420820
434847
195216
352358
38457
45388
136203
30048
84232
84589
94317
168437
66253
107836
51340
84174
58247
14015
49401
27232
47947
42557
22830
191056
31420
32498
42469
43983
62301
38251
12030
186397
194324
52865
200700
46918
81533
94163
31499
54057
46071
62608
14743
26738
26083
15582
26952
12096
15454
15719
18039
18069
141785
14859
60269
58498
37603
77619
-1
12167
17783
12481
14416
25416
25666
15256
12190
15045
15555
18301
14887
14020
13294
12501
12020
11822
11853
11636
11184
11069
10869
10375

DV

16369
results end here -------------------------------------------------------
