results start here -------------------------------------------------------
8572168
5036768
3182407
2048450
1218857
487038
391190
0
0
0
0

99
35
13
25
13
21
0
0
0
0

69
25
10
17
11
10
0
0
0
0

36
17
8
11
8
3
0
0
0
0

1
2
3
4
5
6
0
0
0
0
PROCESSING SQUADS DONE
************************************************************************
***    "Team CloudBot"
************************************************************************
ADD these members to the sheet
1038761
690444
392908
69660
230151
98343
160924
48278
61888
355263
40758
55868
50853
84546
-1
4799
122754
-1
18636
7598
11363
18818
10064
7256
8759
4060
1006
6391
391
16521
14995
3815
3950
1599
232
19655
2031
361
0
0
358
0
38
0
3469
2360
0
0
0
897
0
0
0
0
245
0
703
6374
0
0
0
795
802
68
0
0
0
11822
0
0
0
13115
2784
0
37884
263389
0
520841
135806
64983
1216
0
1294
0
0
-1
0
12190
20359
10826
1221
0
0
180635
27219
879
2527
2608
20462
18
24845

Anonymous

0
************************************************************************
***    "All for Nash"
************************************************************************
ADD these members to the sheet
1968104
93297
136689
69210
372651
13428
36978
13699
8274
566
414
0
0
0
26946
0
106142
65493
18028
3252
0
1185
21373
0
133117
52084
0
21846
15820
3512
-1
44
0
0
243

Anonymous

0
************************************************************************
***    "The Trading Club"
************************************************************************
ADD these members to the sheet
1757191
25828
125130
12889
14602
14373
0
865
0
0
29209
68014
345


************************************************************************
***    "Team Fabibi"
************************************************************************
ADD these members to the sheet
801376
119729
28332
16928
17751
32246
45331
14936
22055
5532
3655
4454
673
21015
0
77619
0
0
0
165
7051
0
0
0
0


************************************************************************
***    "The Nashians "
************************************************************************
ADD these members to the sheet
39441
14015
69287
48092
30777
15045
60391
0
3494
737
14
0
205742


************************************************************************
***    "Gunbot Team"
************************************************************************
ADD these members to the sheet
348078
1251
220
94
46
24207
0
0
716
0
851
0
15221
0
501
0
0
0
0

Anonymous
Anonymous

0
0
************************************************************************
***    "Solo"
************************************************************************
ADD these members to the sheet
iSeeYoBro
1968104
1757191
1038761
801376
597797
690444
392908
520841
39441
69660
230151
30048
106142
93297
136689
205742
98343
160924
51340
119729
96657
14015
69210
48278
69287
61888
28332
355263
52084
40758
55868
63325
155316
50853
21290
263389
348078
52865
372651
65493
122754
135806
37884
64983
84546
133117
14995
48092
45331
24845
32246
68014
20359
17751
20462
21909
220459
22055
60391
63493
125130
77619
-1
12167
25828
13428
26946
36978
30777
15256
12190
15045
21846
33885
106528
14037
25006
13115
14373
11822
14936
16521
19655
16822
18636
15820
36793
24207
18818
12216
180635
11288
16116
13001
18028
11754
13699
12889
10278
14602
29209
95125
27219
21373
15221
16928
11363
10826
10392
10064
15391
10015

DV

21015
results end here -------------------------------------------------------
