results start here -------------------------------------------------------
15378382
8838128
5087025
2824393
1792961
680266
621758
0
0
0
0

108
38
15
25
13
21
0
0
0
0

78
29
11
17
12
10
0
0
0
0

42
20
8
12
8
3
0
0
0
0

1
2
3
4
5
6
0
0
0
0
PROCESSING SQUADS DONE
************************************************************************
***    "Team CloudBot"
************************************************************************
ADD these members to the sheet
HCC
Schnubbler
JOAK
DAG
1567369
1032270
608676
138245
267710
221533
250151
104793
111574
502615
185366
77319
80605
257044
-1
8951
170885
-1
45229
10353
13343
33399
20403
9813
38322
7798
4086
9105
391
29705
14995
7585
6149
19553
232
25718
2674
361
0
0
465
0
132
0
8554
2449
377
0
0
1824
0
0
0
0
404
0
703
6374
0
0
0
795
802
68
0
0
0
23568
0
0
0
13563
5570
243
54773
805607
0
645102
206564
75862
1216
0
3481
0
0
-1
1295
12190
28113
10826
2113
0
0
613059
28651
879
10758
2608
30028
18
74289
258901
12455
620
0
0
7496
966
8
0

Anonymous

0
************************************************************************
***    "All for Nash"
************************************************************************
ADD these members to the sheet
FH
2779999
142432
222963
84788
673846
21166
56424
19909
24088
1129
414
0
12
0
44638
0
124506
78972
23197
9496
0
1580
106229
0
412395
75665
0
29968
20696
5587
-1
44
0
0
243
94965
31364
297

Anonymous

0
************************************************************************
***    "The Trading Club"
************************************************************************
ADD these members to the sheet
2263774
44234
315199
17790
47504
15413
0
865
0
0
46592
68014
345
0
4658


************************************************************************
***    "Team Fabibi"
************************************************************************
ADD these members to the sheet
1245081
151555
34374
19770
18163
46204
75287
21424
38141
8960
5892
6629
905
27246
0
77619
0
0
0
165
15538
0
0
0
0


************************************************************************
***    "The Nashians "
************************************************************************
ADD these members to the sheet
bakey
40641
14015
96294
94896
37972
15045
60391
0
3494
2766
-1
68
312956
1723


************************************************************************
***    "Gunbot Team"
************************************************************************
ADD these members to the sheet
561531
1378
230
94
187
35499
0
0
716
0
1168
0
19720
0
1230
0
0
0
0

Anonymous
Anonymous

0
0
************************************************************************
***    "Solo"
************************************************************************
ADD these members to the sheet
MMSPDF
Jonas Hgrbhh
FB
CD
DB
RS
Jash
2779999
2263774
1567369
1245081
859848
1032270
608676
645102
40641
138245
267710
30048
124506
142432
222963
312956
221533
250151
51340
151555
228219
14015
84788
104793
96294
111574
34374
502615
75665
185366
77319
94965
296180
80605
28193
805607
561531
52865
673846
78972
170885
206564
54773
75862
257044
412395
14995
94896
75287
74289
46204
68014
28113
18163
30028
33532
258901
38141
60391
81382
315199
77619
-1
12167
44234
21166
44638
56424
37972
15256
12190
15045
29968
47566
147987
14037
46041
13563
15413
23568
21424
29705
25718
20187
45229
20696
36793
35499
33399
12216
613059
21424
18597
31364
23197
11754
19909
17790
13903
47504
46592
139513
28651
106229
19720
19770
13343
10826
12455
20403
15391
14541
16414
40264
25265
24088
38322
26225
16132
28745
19553
15538
13054
12088
10758
10465
10353

DV

27246
results end here -------------------------------------------------------
