results start here -------------------------------------------------------
4025149
2156882
1348411
974651
624118
309833
153500
0
0
0
0

87
25
9
25
13
18
0
0
0
0

50
17
6
16
8
8
0
0
0
0

22
10
3
9
7
1
0
0
0
0

1
2
3
4
5
6
0
0
0
0
PROCESSING SQUADS DONE
************************************************************************
***    "Team CloudBot"
************************************************************************
ADD these members to the sheet
OvelhaRanhosa
500962
270903
168858
44051
87172
46750
74554
13509
25760
121404
22141
36679
12860
26667
-1
4799
64383
5246
8186
5090
5802
4786
5200
3320
3785
2136
886
1691
391
6180
14743
3170
1401
218
165
1140
1023
96
0
0
0
0
0
0
1631
0
0
0
0
359
0
0
0
0
0
0
0
4027
0
0
0
0
802
0
0
0
0
0
0
0
0
7399
974
0
24753
136635
0
253233
63477
54057
1216
0
0
0
0
-1
0
12190

Anonymous

0
************************************************************************
***    "All for Nash"
************************************************************************
ADD these members to the sheet
914987
67708
76456
34035
76361
10647
11145
2359
1029
566
345
0
0
0
10611
0
82930
45821
4703
929
0
0
7771
0

Anonymous

0
************************************************************************
***    "The Trading Club"
************************************************************************
ADD these members to the sheet
919185
12120
24594
5244
4493
9012
0
0
0


************************************************************************
***    "Team Fabibi"
************************************************************************
ADD these members to the sheet
407744
62334
21398
9850
14241
22389
20081
6742
14080
3552
1442
1553
451
11581
0
20499
0
0
0
0
6170
0
0
0
0


************************************************************************
***    "The Nashians "
************************************************************************
ADD these members to the sheet
36390
14015
32858
17585
11165
9958
38185
0
0
0
0
0
149673


************************************************************************
***    "Gunbot Team"
************************************************************************
ADD these members to the sheet
140905
269
160
94
0
4704
0
0
630
0
483
0
6251
0
0
0

Anonymous
Anonymous

0
0
************************************************************************
***    "Solo"
************************************************************************
ADD these members to the sheet
SA
OvelhaRanhosa
914987
919185
500962
407744
275963
270903
168858
253233
36390
44051
87172
30048
82930
67708
76456
149673
46750
74554
51340
62334
33685
14015
34035
13509
32858
25760
21398
121404
25954
22141
36679
31406
39794
12860
12030
136635
140905
52865
76361
45821
64383
63477
24753
54057
26667
22302
14743
17585
20081
15582
22389
12096
13902
14241
14193
13748
96545
14080
38185
34537
24594
20499
-1
12167
12120
10647
10611
11145
11165
15256
12190

DV

11581
results end here -------------------------------------------------------
