results start here -------------------------------------------------------
5718956
3166089
2008326
1280306
832293
401208
218618
0
0
0
0

91
26
11
25
13
21
0
0
0
0

55
18
8
16
9
8
0
0
0
0

28
11
4
10
8
1
0
0
0
0

1
2
3
4
5
6
0
0
0
0
PROCESSING SQUADS DONE
************************************************************************
***    "Team CloudBot"
************************************************************************
ADD these members to the sheet
743957
436547
200665
45388
140855
67208
114907
27232
42892
191855
33304
42505
38251
49026
-1
4799
83178
-1
10998
5659
7535
9723
5200
4927
7846
2882
886
2231
391
12186
14743
3815
2839
1057
179
11184
1689
110
0
0
318
0
0
0
1631
0
0
0
0
867
0
0
0
0
0
0
0
6191
0
0
0
0
802
0
0
0
0
11822
0
0
0
12516
2118
0
31898
187100
0
352705
98245
54057
1216
0
1294
0
0
-1
0
12190
15454
6696
298
0
0

Anonymous

0
************************************************************************
***    "All for Nash"
************************************************************************
ADD these members to the sheet
1283620
84589
94317
50150
218814
12481
25961
7035
2550
566
345
0
0
0
15333
0
85071
47198
6526
1836
0
0
9318
0
62608

Anonymous

0
************************************************************************
***    "The Trading Club"
************************************************************************
ADD these members to the sheet
1193621
17948
37603
5244
6954
12403
0
865
0
0
5666


************************************************************************
***    "Team Fabibi"
************************************************************************
ADD these members to the sheet
503590
87673
22852
9850
15719
26952
27162
12205
14859
3769
2559
2605
538
17514
0
77619
0
0
0
0
6821
0
0
0
0


************************************************************************
***    "The Nashians "
************************************************************************
ADD these members to the sheet
38457
14015
48489
27213
25785
15045
60269
0
3494
0
0
0
168437


************************************************************************
***    "Gunbot Team"
************************************************************************
ADD these members to the sheet
202419
551
188
94
0
7503
0
0
716
0
851
0
6294
0
0
0
0
0
0

Anonymous
Anonymous

0
0
************************************************************************
***    "Solo"
************************************************************************
ADD these members to the sheet
1283620
1193621
743957
503590
436951
436547
200665
352705
38457
45388
140855
30048
85071
84589
94317
168437
67208
114907
51340
87673
59332
14015
50150
27232
48489
42892
22852
191855
33215
33304
42505
44332
66794
38251
12030
187100
202419
52865
218814
47198
83178
98245
31898
54057
49026
62608
14743
27213
27162
15582
26952
12096
15454
15719
18189
18069
147523
14859
60269
58498
37603
77619
-1
12167
17948
12481
15333
25961
25785
15256
12190
15045
16020
19850
14887
14020
14072
12516
12403
11822
12205
12186
11184
11069
10998
11290

DV

17514
results end here -------------------------------------------------------
