results start here -------------------------------------------------------
4135014
2218366
1400872
987316
650022
313844
155679
0
0
0
0

87
25
9
25
13
18
0
0
0
0

51
17
6
16
8
8
0
0
0
0

22
10
3
9
8
1
0
0
0
0

1
2
3
4
5
6
0
0
0
0
PROCESSING SQUADS DONE
************************************************************************
***    "Team CloudBot"
************************************************************************
ADD these members to the sheet
516903
284615
170172
44244
91363
47786
76354
13509
26565
122059
22869
36787
12860
28878
-1
4799
67717
5246
8330
5194
6162
4786
5200
3342
4384
2136
886
1787
391
6996
14743
3170
1401
337
165
3539
1163
96
0
0
59
0
0
0
1631
0
0
0
0
404
0
0
0
0
0
0
0
4027
0
0
0
0
802
0
0
0
0
0
0
0
0
7901
974
0
25551
136635
0
259334
66627
54057
1216
0
0
0
0
-1
0
12190

Anonymous

0
************************************************************************
***    "All for Nash"
************************************************************************
ADD these members to the sheet
949492
69816
79454
34749
87197
10647
12310
2359
1053
566
345
0
0
0
10722
0
82930
45821
4703
929
0
0
7771
0

Anonymous

0
************************************************************************
***    "The Trading Club"
************************************************************************
ADD these members to the sheet
928304
12238
27634
5244
4818
9076
0
0
0


************************************************************************
***    "Team Fabibi"
************************************************************************
ADD these members to the sheet
410343
63359
21398
9850
14929
23953
20445
7170
14343
3573
1594
1599
451
11581
0
39254
0
0
0
0
6170
0
0
0
0


************************************************************************
***    "The Nashians "
************************************************************************
ADD these members to the sheet
36390
14015
34170
17625
12625
11158
38185
0
0
0
0
0
149673


************************************************************************
***    "Gunbot Team"
************************************************************************
ADD these members to the sheet
143054
269
160
94
0
4704
0
0
660
0
483
0
6251
0
0
0

Anonymous
Anonymous

0
0
************************************************************************
***    "Solo"
************************************************************************
ADD these members to the sheet
Bel
NNN
949492
928304
516903
410343
280369
284615
170172
259334
36390
44244
91363
30048
82930
69816
79454
149673
47786
76354
51340
63359
34575
14015
34749
13509
34170
26565
21398
122059
26247
22869
36787
33405
41487
12860
12030
136635
143054
52865
87197
45821
67717
66627
25551
54057
28878
25273
14743
17625
20445
15582
23953
12096
14053
14929
14792
14011
104083
14343
38185
34537
27634
39254
-1
12167
12238
10647
10722
12310
12625
15256
12190
11158
10203

DV

11581
results end here -------------------------------------------------------
