results start here -------------------------------------------------------
8490749
4977876
3150794
2027891
1200234
481321
385759
0
0
0
0

99
35
13
25
13
21
0
0
0
0

69
25
10
17
11
10
0
0
0
0

36
17
8
11
8
3
0
0
0
0

1
2
3
4
5
6
0
0
0
0
PROCESSING SQUADS DONE
************************************************************************
***    "Team CloudBot"
************************************************************************
ADD these members to the sheet
T-Bone
1030119
685637
381813
68395
227916
97953
159251
46791
61369
354256
40418
55844
50853
80836
-1
4799
121986
-1
18636
7598
11244
18216
10035
7101
8684
4060
1006
6391
391
16361
14995
3815
3950
1599
232
18760
2031
361
0
0
358
0
38
0
3096
2360
0
0
0
897
0
0
0
0
245
0
703
6374
0
0
0
795
802
68
0
0
0
11822
0
0
0
13115
2784
0
37573
259312
0
516380
134936
64983
1216
0
1294
0
0
-1
0
12190
20347
10826
1221
0
0
174093
25926
879
2407
2608
20363
18
24108

Anonymous

0
************************************************************************
***    "All for Nash"
************************************************************************
ADD these members to the sheet
1956303
93297
136689
69210
361386
13428
36707
13340
8052
566
414
0
0
0
26725
0
106142
65493
17921
3252
0
1185
19222
0
129456
51485
0
21333
15535
3353
-1
44
0
0
243

Anonymous

0
************************************************************************
***    "The Trading Club"
************************************************************************
ADD these members to the sheet
1743179
25728
120529
12800
14403
14373
0
865
0
0
27650
68014
345


************************************************************************
***    "Team Fabibi"
************************************************************************
ADD these members to the sheet
785760
118529
28188
16928
17751
32246
44674
14651
21820
5436
3548
4370
673
20815
0
77619
0
0
0
165
7051
0
0
0
0


************************************************************************
***    "The Nashians "
************************************************************************
ADD these members to the sheet
39441
14015
68723
45809
30717
15045
60391
0
3494
642
14
0
203027


************************************************************************
***    "Gunbot Team"
************************************************************************
ADD these members to the sheet
343208
1164
220
94
46
24177
0
0
716
0
851
0
14822
0
457
0
0
0
0

Anonymous
Anonymous

0
0
************************************************************************
***    "Solo"
************************************************************************
ADD these members to the sheet
NRMD
1956303
1743179
1030119
785760
589512
685637
381813
516380
39441
68395
227916
30048
106142
93297
136689
203027
97953
159251
51340
118529
93129
14015
69210
46791
68723
61369
28188
354256
51485
40418
55844
62753
152679
50853
21290
259312
343208
52865
361386
65493
121986
134936
37573
64983
80836
129456
14995
45809
44674
24108
32246
68014
20347
17751
20363
21310
220459
21820
60391
62836
120529
77619
-1
12167
25728
13428
26725
36707
30717
15256
12190
15045
21333
33513
106528
14037
24410
13115
14373
11822
14651
16361
18760
16822
18636
15535
36793
24177
18216
12216
174093
11288
16116
12637
17921
11754
13340
12800
10278
14403
27650
95125
25926
19222
14822
16928
11244
10826
10392
10035
15391

DV

20815
results end here -------------------------------------------------------
