results start here -------------------------------------------------------
1423666
594743
562562
385136
209332
105663
9377
0
0
0
0

78
16
7
24
13
13
0
0
0
0

39
12
5
14
8
4
0
0
0
0

13
4
1
3
4
0
0
0
0
0

1
2
3
4
5
6
0
0
0
0
PROCESSING SQUADS DONE
************************************************************************
***    "Team CloudBot"
************************************************************************
ADD these members to the sheet
218264
73597
60685
34624
35262
20069
19468
13509
14414
16414
12768
11770
12860
7399
9118
4799
6152
2963
2864
2441
2189
2328
1912
1288
1194
739
524
524
391
310
2564
238
317
158
120
113
59
32
0
0
0
0
0
0
0
0
0
0
0
0
0
0
0
0
0
0
0
0
0
0
0
0
0
0
0
0
0
0
0
0
0
0
284
0
0
0
0

Anonymous

0
************************************************************************
***    "All for Nash"
************************************************************************
ADD these members to the sheet
ADC
461884
28218
30818
15547
7909
6235
4584
1043
726
566
345
0
0
0
4682
0


************************************************************************
***    "The Trading Club"
************************************************************************
ADD these members to the sheet
372687
5814
3530
1838
1266
0
0


************************************************************************
***    "Team Fabibi"
************************************************************************
ADD these members to the sheet
134789
20408
13917
9850
8667
6866
7507
2679
2061
1318
540
548
111
64
0
0
0
0
0
0
0
0
0
0


************************************************************************
***    "The Nashians "
************************************************************************
ADD these members to the sheet
35077
14015
15296
3894
3478
2365
431
0
0
0
0
0
31103


************************************************************************
***    "Gunbot Team"
************************************************************************
ADD these members to the sheet
8765
213
141
0
0
0
0
0
0
0
256
0
0


************************************************************************
***    "Solo"
************************************************************************
ADD these members to the sheet
TNP
NJB
461884
372687
218264
134789
123374
73597
60685
56769
35077
34624
35262
30048
31495
28218
30818
31103
20069
19468
17269
20408
16266
14015
15547
13509
15296
14414
13917
16414
13305
12768
11770
12078
10190
12860
10401


results end here -------------------------------------------------------
