results start here -------------------------------------------------------
8988020
5120795
3208498
2082090
1245475
491067
406309
0
0
0
0

99
35
13
25
13
21
0
0
0
0

69
25
10
17
11
10
0
0
0
0

36
17
8
11
8
3
0
0
0
0

1
2
3
4
5
6
0
0
0
0
PROCESSING SQUADS DONE
************************************************************************
***    "Team CloudBot"
************************************************************************
ADD these members to the sheet
1044427
694771
416695
71601
234410
100647
163471
48773
62297
356707
40996
55880
50853
89709
-1
4799
126013
-1
19136
7746
11453
20300
10420
7322
8834
4492
1006
6391
391
16626
14995
3934
4024
1599
232
20311
2031
361
0
0
358
0
38
0
3992
2360
0
0
0
897
0
0
0
0
245
0
703
6374
0
0
0
795
802
68
0
0
0
11822
0
0
0
13160
2784
0
38681
270918
0
522796
137033
64983
1216
0
1294
0
0
-1
0
12190
20631
10826
1339
0
0
190168
28219
879
2646
2608
20661
18
25603

Anonymous

0
************************************************************************
***    "All for Nash"
************************************************************************
ADD these members to the sheet
1972431
93297
136973
69210
383367
13428
37272
14187
8837
566
414
0
0
0
27443
0
106142
65694
18136
3252
0
1185
23339
0
138542
52084
0
22587
16093
3721
-1
44
0
0
243

Anonymous

0
************************************************************************
***    "The Trading Club"
************************************************************************
ADD these members to the sheet
1777716
25830
135206
13201
14752
14373
0
865
0
0
31784
68014
345


************************************************************************
***    "Team Fabibi"
************************************************************************
ADD these members to the sheet
822813
121635
28527
16928
17751
32246
47104
15043
22851
5617
3763
4625
673
21055
0
77619
0
0
0
165
7051
0
0
0
0


************************************************************************
***    "The Nashians "
************************************************************************
ADD these members to the sheet
39466
14015
70602
50244
30867
15045
60391
0
3494
868
14
0
206057


************************************************************************
***    "Gunbot Team"
************************************************************************
ADD these members to the sheet
360493
1263
220
94
46
25803
0
0
716
0
851
0
16138
0
680
0
0
0
0

Anonymous
Anonymous

0
0
************************************************************************
***    "Solo"
************************************************************************
ADD these members to the sheet
LV
1972431
1777716
1044427
822813
614252
694771
416695
522796
39466
71601
234410
30048
106142
93297
136973
206057
100647
163471
51340
121635
96934
14015
69210
48773
70602
62297
28527
356707
52084
40996
55880
63998
160378
50853
22514
270918
360493
52865
383367
65694
126013
137033
38681
64983
89709
138542
14995
50244
47104
25603
32246
68014
20631
17751
20661
21909
220459
22851
60391
63550
135206
77619
-1
12167
25830
13428
27443
37272
30867
15256
12190
15045
22587
34130
106528
14037
25780
13160
14373
11822
15043
16626
20311
16822
19136
16093
36793
25803
20300
12216
190168
16367
16284
13105
18136
11754
14187
13201
10278
14752
31784
95125
28219
23339
16138
16928
11453
10826
10665
10420
15391
10337
10882

DV

21055
results end here -------------------------------------------------------
