results start here -------------------------------------------------------
6612393
3717417
2261959
1487548
1000539
428394
266990
0
0
0
0

96
28
11
25
13
21
0
0
0
0

63
19
8
17
9
9
0
0
0
0

30
13
4
10
8
2
0
0
0
0

1
2
3
4
5
6
0
0
0
0
PROCESSING SQUADS DONE
************************************************************************
***    "Team CloudBot"
************************************************************************
ADD these members to the sheet
DB
845787
524610
281966
49582
169476
80702
135171
33971
48507
231640
37493
48281
50853
58536
-1
4799
101279
-1
13929
6126
8942
13011
6916
5877
8144
3700
932
2243
391
13648
14995
3815
2940
1057
179
13675
1809
110
0
0
358
0
11
0
1631
68
0
0
0
897
0
0
0
0
196
0
168
6191
0
0
0
0
802
0
0
0
0
11822
0
0
0
12890
2118
0
33691
189322
0
409808
110378
54057
1216
0
1294
0
0
-1
0
12190
15806
8357
685
0
0
13368
3140
879
952

Anonymous
Anonymous

0
0
************************************************************************
***    "All for Nash"
************************************************************************
ADD these members to the sheet
Thysboerke
1350382
84589
109139
58898
274051
12791
29162
9445
6221
566
345
0
0
0
19753
0
89436
63188
11214
2427
0
0
9318
0
89028
41996
0

Anonymous

0
************************************************************************
***    "The Trading Club"
************************************************************************
ADD these members to the sheet
1361728
20789
62238
9210
9572
13880
0
865
0
0
9263


************************************************************************
***    "Team Fabibi"
************************************************************************
ADD these members to the sheet
637119
102661
25099
9850
16728
30867
32763
13414
17168
4121
2906
2981
619
19739
0
77619
0
0
0
22
6856
0
0
0
0


************************************************************************
***    "The Nashians "
************************************************************************
ADD these members to the sheet
38871
14015
54361
34329
28748
15045
60391
0
3494
0
0
0
179136


************************************************************************
***    "Gunbot Team"
************************************************************************
ADD these members to the sheet
240257
551
188
94
0
16190
0
0
716
0
851
0
8116
0
25
0
0
0
0

Anonymous
Anonymous

0
0
************************************************************************
***    "Solo"
************************************************************************
ADD these members to the sheet
1350382
1361728
845787
637119
509490
524610
281966
409808
38871
49582
169476
30048
89436
84589
109139
179136
80702
135171
51340
102661
68984
14015
58898
33971
54361
48507
25099
231640
41996
37493
48281
51615
105986
50853
13812
189322
240257
52865
274051
63188
101279
110378
33691
54057
58536
89028
14995
34329
32763
15582
30867
25348
15806
16728
19417
18069
177575
17168
60391
58932
62238
77619
-1
12167
20789
12791
19753
29162
28748
15256
12190
15045
17345
21741
106528
14037
18573
12890
13880
11822
13414
13648
13675
12474
13929
12265
36793
16190
13011
12216
13368
11288
11128
11140
11214

DV

19739
results end here -------------------------------------------------------
