results start here -------------------------------------------------------
15743196
8900746
5091112
2827704
1815093
681411
629551
0
0
0
0

108
38
15
25
13
21
0
0
0
0

78
29
11
17
12
10
0
0
0
0

42
20
8
12
8
3
0
0
0
0

1
2
3
4
5
6
0
0
0
0
PROCESSING SQUADS DONE
************************************************************************
***    "Team CloudBot"
************************************************************************
ADD these members to the sheet
1567866
1032270
621211
138245
267710
221652
250351
104793
114082
522302
185781
78159
80605
262397
-1
8999
170885
-1
45568
10353
13343
33399
20652
9813
38322
7798
4086
9183
391
29705
14995
7585
6149
19568
232
25718
2674
361
0
0
465
0
132
0
8554
2449
377
0
0
1824
0
0
0
0
404
0
703
6374
0
0
0
795
802
68
0
0
0
23568
0
0
0
13563
5570
243
54773
810086
0
645102
208006
75862
1216
0
3481
0
0
-1
1295
12190
28177
10826
2113
0
0
625719
28651
879
10772
2608
30178
18
74363
258901
12455
620
0
0
7496
1820
8
0

Anonymous

0
************************************************************************
***    "All for Nash"
************************************************************************
ADD these members to the sheet
2779999
142432
222963
84788
673946
21166
56436
19973
24088
1129
414
0
12
0
44638
0
124506
78972
25118
9496
0
1580
106463
0
412395
76465
0
29968
20696
5587
-1
44
0
0
243
95615
31668
297

Anonymous

0
************************************************************************
***    "The Trading Club"
************************************************************************
ADD these members to the sheet
2263998
44234
318256
17790
47504
15413
0
865
0
0
46622
68014
345
0
4658


************************************************************************
***    "Team Fabibi"
************************************************************************
ADD these members to the sheet
1264713
153183
34424
19770
18163
46204
75928
21445
38141
9010
5892
6741
905
27246
0
77619
0
0
0
165
15538
0
0
0
0


************************************************************************
***    "The Nashians "
************************************************************************
ADD these members to the sheet
40641
14015
96294
95036
38965
15045
60391
0
3494
2766
-1
68
312956
1735


************************************************************************
***    "Gunbot Team"
************************************************************************
ADD these members to the sheet
569304
1378
230
94
187
35499
0
0
716
0
1168
0
19740
0
1230
0
0
0
0

Anonymous
Anonymous

0
0
************************************************************************
***    "Solo"
************************************************************************
ADD these members to the sheet
RBB
2779999
2263998
1567866
1264713
864541
1032270
621211
645102
40641
138245
267710
30048
124506
142432
222963
312956
221652
250351
51340
153183
228339
14015
84788
104793
96294
114082
34424
522302
76465
185781
78159
95615
296333
80605
28193
810086
569304
52865
673946
78972
170885
208006
54773
75862
262397
412395
14995
95036
75928
74363
46204
68014
28177
18163
30178
33532
258901
38141
60391
81382
318256
77619
-1
12167
44234
21166
44638
56436
38965
15256
12190
15045
29968
48433
147987
14037
46311
13563
15413
23568
21445
29705
25718
20187
45568
20696
36793
35499
33399
12216
625719
21424
19397
31668
25118
11754
19973
17790
13903
47504
46622
139513
28651
106463
19740
19770
13343
10826
12455
20652
15391
14541
16414
40264
25265
24088
38322
26225
16161
28745
19568
15538
13054
12088
10772
10465
10353
22232

DV

27246
results end here -------------------------------------------------------
