results start here -------------------------------------------------------
18504587
11112119
5855728
3244902
2626010
776266
803361
0
0
0
0

113
42
17
25
13
21
0
0
0
0

85
31
13
17
12
10
0
0
0
0

48
22
8
12
9
3
0
0
0
0

1
2
3
4
6
5
0
0
0
0
PROCESSING SQUADS DONE
************************************************************************
***    "Team CloudBot"
************************************************************************
ADD these members to the sheet
RichadZg
FeelxKG
1898836
1305705
804406
158300
275612
276659
270918
123707
120062
826196
204994
112169
80605
306313
-1
27401
196967
-1
54808
12259
19462
38867
37358
12087
43914
8918
5053
11089
450
34499
14995
7585
9960
28005
232
25718
2674
361
4936
0
480
0
132
0
9718
2449
2307
0
0
1824
0
0
0
0
507
0
703
6374
0
0
0
795
3348
68
0
0
0
23568
0
0
53345
13670
5865
243
58940
1058860
0
773145
258547
75862
1216
0
5711
0
2096
-1
1295
12190
29548
10826
2113
0
0
807903
28651
879
13415
2608
37951
18
88729
258901
30886
713
0
0
7496
3511
8
0
0
-1
35364
1904
14829
488

Anonymous

0
************************************************************************
***    "All for Nash"
************************************************************************
ADD these members to the sheet
JCM
LB
PKS
2813859
234777
263519
103448
839280
23470
80650
25075
25186
1129
414
0
12
0
47160
0
141848
85001
53767
16845
0
1580
116067
0
615366
108313
0
29968
20757
8260
-1
44
11212
0
295
145912
41820
297
0
382
0
0

Anonymous

0
************************************************************************
***    "The Trading Club"
************************************************************************
ADD these members to the sheet
2623322
49853
339279
22987
58496
15413
0
865
0
0
54401
68014
345
0
7562
4292
68


************************************************************************
***    "Team Fabibi"
************************************************************************
ADD these members to the sheet
-1
184750
43677
22933
18163
59591
90040
27154
38978
9811
6844
9197
1216
27246
0
118126
0
0
0
192
18134
0
0
0
-1
1949950
0


************************************************************************
***    "The Nashians "
************************************************************************
ADD these members to the sheet
40641
14015
109600
104201
51885
15045
60391
0
12721
2801
-1
68
362805
2087


************************************************************************
***    "Gunbot Team"
************************************************************************
ADD these members to the sheet
700050
2846
936
94
207
65075
0
0
3494
0
5215
0
24211
0
1230
0
0
0
0

Anonymous
Anonymous

0
0
************************************************************************
***    "Solo"
************************************************************************
ADD these members to the sheet
RichadZg
VS
Nash Moon
2813859
2623322
1898836
-1
1061159
1305705
804406
773145
40641
158300
275612
30048
141848
234777
263519
362805
276659
270918
98194
184750
252626
14015
103448
123707
109600
120062
43677
826196
108313
204994
112169
145912
339221
80605
28193
1058860
700050
52865
839280
85001
196967
258547
58940
75862
306313
615366
14995
104201
90040
88729
59591
68014
29548
18163
37951
33532
258901
38978
60391
85106
339279
118126
-1
12167
49853
23470
47160
80650
51885
15256
12190
15045
29968
-1
160541
14037
65760
13670
15413
23568
27154
34499
25718
-1
54808
20757
36793
65075
38867
12216
807903
21424
25642
41820
53767
17010
25075
22987
23375
58496
54401
531398
28651
116067
24211
22933
19462
10826
30886
37358
23111
23001
22442
40264
42945
25186
43914
26225
20089
28745
28005
18134
14775
17820
13415
10465
12259
22232
83385
27024
27401
16845
13240
11089
12087
1949950
13297
11212
-1
53345
35364
14829
11245
10348

DV
TK

27246
12721
results end here -------------------------------------------------------
