results start here -------------------------------------------------------
2926141
1633455
1199349
725856
419452
163946
80156
0
0
0
0

86
24
9
25
13
16
0
0
0
0

49
17
6
15
8
7
0
0
0
0

21
7
1
7
6
1
0
0
0
0

1
2
3
4
5
6
0
0
0
0
PROCESSING SQUADS DONE
************************************************************************
***    "Team CloudBot"
************************************************************************
ADD these members to the sheet
383649
197248
128834
41713
66424
36932
43569
13509
21613
108796
18062
27008
12860
20572
-1
4799
48664
4046
6724
3863
4450
3892
4738
3039
2889
1794
886
1328
391
3893
14743
2371
772
158
165
182
537
96
0
0
0
0
0
0
1481
0
0
0
0
44
0
0
0
0
0
0
0
0
0
0
0
0
802
0
0
0
0
0
0
0
0
4483
974
0
22756
124532
0
171911
42590
21627
931
0
0
0
0
6092

Anonymous

0
************************************************************************
***    "All for Nash"
************************************************************************
ADD these members to the sheet
836664
56910
69560
28883
50701
8129
6479
1911
826
566
345
0
0
0
8087
0
77936
45821
1525
866
0
0
4133

Anonymous

0
************************************************************************
***    "The Trading Club"
************************************************************************
ADD these members to the sheet
693021
8259
9122
4657
2403
8391
0
0
0


************************************************************************
***    "Team Fabibi"
************************************************************************
ADD these members to the sheet
276609
41195
19383
9850
11941
13442
13907
5192
10067
2678
1031
1246
429
7521
0
0
0
0
0
0
4955
0
0
0
0


************************************************************************
***    "The Nashians "
************************************************************************
ADD these members to the sheet
35682
14015
26670
14130
9766
5998
12680
0
0
0
0
0
45001


************************************************************************
***    "Gunbot Team"
************************************************************************
ADD these members to the sheet
76914
246
143
0
0
1696
0
0
501
0
483
0
170
0

Anonymous
Anonymous

0
0
************************************************************************
***    "Solo"
************************************************************************
ADD these members to the sheet
CryptoChapter
836664
693021
383649
276609
200535
197248
128834
171911
35682
41713
66424
30048
77936
56910
69560
45001
36932
43569
51340
41195
25011
14015
28883
13509
26670
21613
19383
108796
20531
18062
27008
21376
30442
12860
12030
124532
76914
52865
50701
45821
48664
42590
22756
21627
20572
17509
14743
14130
13907
13856
13442
12096
12520
11941
11743
11077
19393
10067
12680


results end here -------------------------------------------------------
