results start here -------------------------------------------------------
5573516
3084960
1978800
1227320
785837
398819
207908
0
0
0
0

90
26
11
25
13
21
0
0
0
0

55
18
8
16
9
8
0
0
0
0

28
11
4
10
8
1
0
0
0
0

1
2
3
4
5
6
0
0
0
0
PROCESSING SQUADS DONE
************************************************************************
***    "Team CloudBot"
************************************************************************
ADD these members to the sheet
WRM
Blueboys 
stevezissou
Urkund
711346
434456
192249
45388
134409
65423
105595
27232
40471
190456
32397
42457
38251
45353
-1
4799
81533
-1
10673
5629
7535
8990
5200
4721
6950
2807
886
2231
391
11550
14743
3815
2807
1057
179
11184
1674
110
0
0
279
0
0
0
1631
0
0
0
0
763
0
0
0
0
0
0
0
6191
0
0
0
0
802
0
0
0
0
11822
0
0
0
12486
2118
0
31299
186347
0
352306
92743
54057
1216
0
1294
0
0
-1
0
12190
15454
6696
298
0

Anonymous

0
************************************************************************
***    "All for Nash"
************************************************************************
ADD these members to the sheet
TF
1281204
84589
94317
49295
197244
12481
24917
6921
1906
566
345
0
0
0
14165
0
84217
46883
6526
1836
0
0
8772
0
62608

Anonymous

0
************************************************************************
***    "The Trading Club"
************************************************************************
ADD these members to the sheet
Desh
1142760
17398
37603
5244
6704
11956
0
865
0
0
4787


************************************************************************
***    "Team Fabibi"
************************************************************************
ADD these members to the sheet
465464
83082
22830
9850
15719
26952
25739
11711
14859
3769
2559
2418
516
15922
0
77619
0
0
0
0
6821
0
0
0
0


************************************************************************
***    "The Nashians "
************************************************************************
ADD these members to the sheet
38457
14015
47860
25821
25666
15045
60269
0
3494
0
0
0
168189


************************************************************************
***    "Gunbot Team"
************************************************************************
ADD these members to the sheet
OatKazama
SPB
PWT
191722
538
188
94
0
7503
0
0
716
0
851
0
6294
0
0
0
0
0
0

Anonymous
Anonymous

0
0
************************************************************************
***    "Solo"
************************************************************************
ADD these members to the sheet
DutchDelight
GS
MFMR
AEM
GLA
DR
il Profeta
Parkus
OOO
DJL
AJG
Koala
TK
1281204
1142760
711346
465464
413330
434456
192249
352306
38457
45388
134409
30048
84217
84589
94317
168189
65423
105595
51340
83082
57533
14015
49295
27232
47860
40471
22830
190456
29620
32397
42457
43813
61952
38251
12030
186347
191722
52865
197244
46883
81533
92743
31299
54057
45353
62608
14743
25821
25739
15582
26952
12096
15454
15719
17890
18069
139865
14859
60269
58498
37603
77619
-1
12167
17398
12481
14165
24917
25666
15256
12190
15045
15139
17846
14887
14020
13123
12486
11956
11822
11711
11550
11184
11069
10673
10375

DV

15922
results end here -------------------------------------------------------
