results start here -------------------------------------------------------
8399877
4906597
3116624
2007299
1182924
480115
379294
0
0
0
0

98
35
13
25
13
21
0
0
0
0

68
25
10
17
11
10
0
0
0
0

35
17
8
11
8
3
0
0
0
0

1
2
3
4
5
6
0
0
0
0
PROCESSING SQUADS DONE
************************************************************************
***    "Team CloudBot"
************************************************************************
ADD these members to the sheet
AuK
MAL
1024226
681777
373935
67357
225850
96952
158405
46372
59967
353953
40337
55796
50853
79441
-1
4799
120758
-1
18636
7519
11184
18013
10005
7013
8534
4060
1006
6391
391
16312
14995
3815
3936
1599
232
18361
2031
361
0
0
358
0
38
0
2872
2360
0
0
0
897
0
0
0
0
245
0
703
6374
0
0
0
795
802
68
0
0
0
11822
0
0
0
13115
2451
0
37485
254218
0
514027
134176
64983
1216
0
1294
0
0
-1
0
12190
19778
10620
1206
0
0
165832
25300
879
2347
2608
20314
18

Anonymous

0
************************************************************************
***    "All for Nash"
************************************************************************
ADD these members to the sheet
MM
1936204
93297
133846
69210
354889
13428
36523
13116
7868
566
414
0
0
0
26466
0
106142
65493
17861
3252
0
1185
17879
0
127933
50902
0
21107
15505
3237
-1
44
0
0
243

Anonymous

0
************************************************************************
***    "The Trading Club"
************************************************************************
ADD these members to the sheet
Jonathan
MPH
1728298
25231
116161
12770
14403
14373
0
865
0
0
26835
68014
345


************************************************************************
***    "Team Fabibi"
************************************************************************
ADD these members to the sheet
773862
117457
28116
13987
17751
32246
43742
14445
21741
5424
3548
4273
673
20815
0
77619
0
0
0
165
7051
0
0
0
0


************************************************************************
***    "The Nashians "
************************************************************************
ADD these members to the sheet
39441
14015
68245
45164
30717
15045
60391
0
3494
558
14
0
203027


************************************************************************
***    "Gunbot Team"
************************************************************************
ADD these members to the sheet
337103
1164
220
94
46
24177
0
0
716
0
851
0
14522
0
397
0
0
0
0

Anonymous
Anonymous

0
0
************************************************************************
***    "Solo"
************************************************************************
ADD these members to the sheet
UChainMoon
cryptika
BooleanUnion
JT
DPSupreme
HSK
Blueboys 
RATM
LJ
1936204
1728298
1024226
773862
582997
681777
373935
514027
39441
67357
225850
30048
106142
93297
133846
203027
96952
158405
51340
117457
91024
14015
69210
46372
68245
59967
28116
353953
50902
40337
55796
62304
150917
50853
21290
254218
337103
52865
354889
65493
120758
134176
37485
64983
79441
127933
14995
45164
43742
23715
32246
68014
19778
17751
20314
20904
216330
21741
60391
62697
116161
77619
-1
12167
25231
13428
26466
36523
30717
15256
12190
15045
21107
32919
106528
14037
24101
13115
14373
11822
14445
16312
18361
16822
18636
15505
36793
24177
18013
12216
165832
11288
16116
12508
17861
11754
13116
12770
10278
14403
26835
95125
25300
17879
14522
13987
11184
10620
10262
10005

DV

20815
results end here -------------------------------------------------------
