results start here -------------------------------------------------------
18273708
10628709
5613324
3109468
2471935
749631
792679
0
0
0
0

112
39
17
25
13
21
0
0
0
0

82
30
13
17
12
10
0
0
0
0

48
22
8
12
9
3
0
0
0
0

1
2
3
4
6
5
0
0
0
0
PROCESSING SQUADS DONE
************************************************************************
***    "Team CloudBot"
************************************************************************
ADD these members to the sheet
NATEnTATE
1821034
1239728
769534
145466
275098
265110
268046
109892
120062
823529
200398
105229
80605
302805
-1
22378
186154
-1
54475
10873
18573
37876
31712
11449
42814
8562
4741
10601
391
33953
14995
7585
8545
23568
232
25718
2674
361
2323
0
480
0
132
0
9718
2449
2307
0
0
1824
0
0
0
0
404
0
703
6374
0
0
0
795
3348
68
0
0
0
23568
0
0
20458
13670
5865
243
58354
1009365
0
723076
251231
75862
1216
0
4284
0
0
-1
1295
12190
29548
10826
2113
0
0
777525
28651
879
12515
2608
36121
18
84321
258901
27483
713
0
0
7496
3396
8
0
0
10587
18593
0

Anonymous

0
************************************************************************
***    "All for Nash"
************************************************************************
ADD these members to the sheet
2799421
196445
262876
103054
802024
22764
72152
24459
24918
1129
414
0
12
0
47013
0
141848
85001
50886
16710
0
1580
113426
0
512055
96038
0
29968
20726
7498
-1
44
11212
0
295
134150
34897
297
0

Anonymous

0
************************************************************************
***    "The Trading Club"
************************************************************************
ADD these members to the sheet
2504345
45227
334618
21663
54486
15413
0
865
0
0
52609
68014
345
0
7562
4248
68


************************************************************************
***    "Team Fabibi"
************************************************************************
ADD these members to the sheet
-1
182487
42905
22933
18163
58850
89841
25780
38978
9799
6829
8841
1177
27246
0
77619
0
0
0
173
17934
0
0
0
0
1842374


************************************************************************
***    "The Nashians "
************************************************************************
ADD these members to the sheet
40641
14015
108373
99877
49506
15045
60391
0
10667
2790
-1
68
346298
1956


************************************************************************
***    "Gunbot Team"
************************************************************************
ADD these members to the sheet
700012
2846
906
94
197
56256
0
0
3494
0
5215
0
22426
0
1230
0
0
0
0

Anonymous
Anonymous

0
0
************************************************************************
***    "Solo"
************************************************************************
ADD these members to the sheet
VNP
2799421
2504345
1821034
-1
1019736
1239728
769534
723076
40641
145466
275098
30048
141848
196445
262876
346298
265110
268046
92285
182487
238710
14015
103054
109892
108373
120062
42905
823529
96038
200398
105229
134150
324874
80605
28193
1009365
700012
52865
802024
85001
186154
251231
58354
75862
302805
512055
14995
99877
89841
84321
58850
68014
29548
18163
36121
33532
258901
38978
60391
83172
334618
77619
-1
12167
45227
22764
47013
72152
49506
15256
12190
15045
29968
-1
160541
14037
60631
13670
15413
23568
25780
33953
25718
-1
54475
20726
36793
56256
37876
12216
777525
21424
25642
34897
50886
15537
24459
21663
23375
54486
52609
356390
28651
113426
22426
22933
18573
10826
27483
31712
15391
19368
22442
40264
42945
24918
42814
26225
19887
28745
23568
17934
13910
15955
12515
10465
10873
22232
77559
27024
22378
16710
13240
10601
11449
1842374
13297
11212
10587
20458
18593

DV
TK

27246
10667
results end here -------------------------------------------------------
