results start here -------------------------------------------------------
16858312
9610694
5340670
3028013
2065621
697335
732997
0
0
0
0

109
39
16
25
13
21
0
0
0
0

79
29
12
17
12
10
0
0
0
0

45
21
8
12
8
3
0
0
0
0

1
2
3
4
6
5
0
0
0
0
PROCESSING SQUADS DONE
************************************************************************
***    "Team CloudBot"
************************************************************************
ADD these members to the sheet
1702302
1107455
715525
139507
272856
226390
256813
104793
115960
636026
191670
90133
80605
293102
-1
19335
177601
-1
45773
10353
16301
34336
24525
10136
40303
8263
4505
10410
391
31371
14995
7585
6457
20109
232
25718
2674
361
0
0
465
0
132
0
8554
2449
749
0
0
1824
0
0
0
0
404
0
703
6374
0
0
0
795
2505
68
0
0
0
23568
0
0
3307
13563
5865
243
55567
878676
0
670576
232314
75862
1216
0
3481
0
0
-1
1295
12190
28731
10826
2113
0
0
680038
28651
879
11655
2608
32867
18
78547
258901
16905
620
0
0
7496
2176
8
0
0

Anonymous

0
************************************************************************
***    "All for Nash"
************************************************************************
ADD these members to the sheet
2789022
169594
254787
96216
740715
22318
60625
21017
24325
1129
414
0
12
0
45310
0
125500
78972
49335
15940
0
1580
110249
0
435272
90651
0
29968
20726
6124
-1
44
0
0
295
117553
32664
297
0

Anonymous

0
************************************************************************
***    "The Trading Club"
************************************************************************
ADD these members to the sheet
2437841
44380
329385
19131
52973
15413
0
865
0
0
50834
68014
345
0
4658
4170


************************************************************************
***    "Team Fabibi"
************************************************************************
ADD these members to the sheet
1471925
170302
39899
19770
18163
54639
83576
23379
38880
9294
6224
8039
957
27246
0
77619
0
0
0
165
15538
0
0
0
0


************************************************************************
***    "The Nashians "
************************************************************************
ADD these members to the sheet
40641
14015
98369
98299
45805
15045
60391
0
6033
2790
-1
68
314103
1771


************************************************************************
***    "Gunbot Team"
************************************************************************
ADD these members to the sheet
662962
1378
230
94
192
41096
0
0
716
0
5215
0
19880
0
1230
0
0
0
0

Anonymous
Anonymous

0
0
************************************************************************
***    "Solo"
************************************************************************
ADD these members to the sheet
2789022
2437841
1702302
1471925
951117
1107455
715525
670576
40641
139507
272856
30048
125500
169594
254787
314103
226390
256813
86904
170302
235102
14015
96216
104793
98369
115960
39899
636026
90651
191670
90133
117553
315251
80605
28193
878676
662962
52865
740715
78972
177601
232314
55567
75862
293102
435272
14995
98299
83576
78547
54639
68014
28731
18163
32867
33532
258901
38880
60391
81972
329385
77619
-1
12167
44380
22318
45310
60625
45805
15256
12190
15045
29968
-1
147987
14037
54634
13563
15413
23568
23379
31371
25718
-1
45773
20726
36793
41096
34336
12216
680038
21424
22598
32664
49335
11754
21017
19131
15761
52973
50834
139513
28651
110249
19880
19770
16301
10826
16905
24525
15391
14836
16858
40264
31517
24325
40303
26225
17396
28745
20109
15538
13069
12088
11655
10465
10353
22232
60981
21718
19335
15940
12621
10410
10136

DV

27246
results end here -------------------------------------------------------
