results start here -------------------------------------------------------
2886361
1612100
1192149
712683
406191
159369
79656
0
0
0
0

86
24
9
25
13
16
0
0
0
0

49
17
6
15
8
7
0
0
0
0

21
7
1
7
5
1
0
0
0
0

1
2
3
4
5
6
0
0
0
0
PROCESSING SQUADS DONE
************************************************************************
***    "Team CloudBot"
************************************************************************
ADD these members to the sheet
MBMGLR
376927
195385
125024
41584
65451
36813
42969
13509
21112
107626
17957
26661
12860
19431
-1
4799
48374
3890
6623
3848
4420
3892
4369
2919
2799
1745
524
1289
391
3619
14743
2371
637
158
165
182
507
96
0
0
0
0
0
0
1406
0
0
0
0
44
0
0
0
0
0
0
0
0
0
0
0
0
802
0
0
0
0
0
0
0
0
4423
974
0
22756
124532
0
171565
41257
21627
931
0
0
0
0
6092

Anonymous

0
************************************************************************
***    "All for Nash"
************************************************************************
ADD these members to the sheet
BooleanUnion
834031
56910
68487
27692
49917
8129
6455
1895
814
566
345
0
0
0
7475
0
77436
45821
1463
866
0
0
3840

Anonymous

0
************************************************************************
***    "The Trading Club"
************************************************************************
ADD these members to the sheet
680935
7959
9072
4288
2352
8074
0
0
0


************************************************************************
***    "Team Fabibi"
************************************************************************
ADD these members to the sheet
266717
40642
18814
9850
11941
13233
13581
5072
10067
2483
1031
1173
404
6220
0
0
0
0
0
0
4955
0
0
0
0


************************************************************************
***    "The Nashians "
************************************************************************
ADD these members to the sheet
35682
14015
25757
13321
9657
5998
9935
0
0
0
0
0
45001


************************************************************************
***    "Gunbot Team"
************************************************************************
ADD these members to the sheet
76414
246
143
0
0
1696
0
0
501
0
483
0
170
0

Anonymous
Anonymous

0
0
************************************************************************
***    "Solo"
************************************************************************
ADD these members to the sheet
Fomo
stupZ
834031
680935
376927
266717
197263
195385
125024
171565
35682
41584
65451
30048
77436
56910
68487
45001
36813
42969
51340
40642
24289
14015
27692
13509
25757
21112
18814
107626
20111
17957
26661
21326
30151
12860
12030
124532
76414
52865
49917
45821
48374
41257
22756
21627
19431
17509
14743
13321
13581
13496
13233
12096
12009
11941
11693
11077
15225
10067


results end here -------------------------------------------------------
