results start here -------------------------------------------------------
4231162
2296366
1459929
995541
655743
317072
160078
0
0
0
0

87
25
10
25
13
18
0
0
0
0

51
17
6
16
8
8
0
0
0
0

22
10
3
9
8
1
0
0
0
0

1
2
3
4
5
6
0
0
0
0
PROCESSING SQUADS DONE
************************************************************************
***    "Team CloudBot"
************************************************************************
ADD these members to the sheet
541091
300560
170894
44360
95881
48621
79133
13509
27713
122400
23275
36847
12860
30704
-1
4799
73471
5246
8379
5239
6312
4786
5200
3342
4683
2136
886
1847
391
7572
14743
3170
1401
337
165
4709
1178
96
0
0
99
0
0
0
1631
0
0
0
0
449
0
0
0
0
0
0
0
4027
0
0
0
0
802
0
0
0
0
0
0
0
0
8527
974
0
25930
136635
0
272015
69855
54057
1216
0
0
0
0
-1
0
12190

Anonymous

0
************************************************************************
***    "All for Nash"
************************************************************************
ADD these members to the sheet
992539
69816
79454
35755
100436
10950
13662
2359
1053
566
345
0
0
0
10832
0
82930
45821
4703
929
0
0
7771
0

Anonymous

0
************************************************************************
***    "The Trading Club"
************************************************************************
ADD these members to the sheet
jenaretha
934235
12405
29694
5244
4868
9092
0
0
0
0


************************************************************************
***    "Team Fabibi"
************************************************************************
ADD these members to the sheet
412976
64740
21398
9850
15125
24452
20846
7245
14773
3583
1594
1697
451
11581
0
39254
0
0
0
0
6170
0
0
0
0


************************************************************************
***    "The Nashians "
************************************************************************
ADD these members to the sheet
36577
14015
35126
17766
13961
11752
38185
0
0
0
0
0
149686


************************************************************************
***    "Gunbot Team"
************************************************************************
ADD these members to the sheet
147453
269
160
94
0
4704
0
0
660
0
483
0
6251
0
0
0

Anonymous
Anonymous

0
0
************************************************************************
***    "Solo"
************************************************************************
ADD these members to the sheet
992539
934235
541091
412976
288665
300560
170894
272015
36577
44360
95881
30048
82930
69816
79454
149686
48621
79133
51340
64740
35379
14015
35755
13509
35126
27713
21398
122400
26247
23275
36847
34248
44684
12860
12030
136635
147453
52865
100436
45821
73471
69855
25930
54057
30704
25273
14743
17766
20846
15582
24452
12096
14183
15125
15142
14195
106942
14773
38185
34537
29694
39254
-1
12167
12405
10950
10832
13662
13961
15256
12190
11752
10501

DV

11581
results end here -------------------------------------------------------
