results start here -------------------------------------------------------
18534606
11140095
5866873
3250174
2631764
776894
804159
0
0
0
0

113
42
17
25
13
21
0
0
0
0

85
31
13
17
12
10
0
0
0
0

48
22
8
12
9
3
0
0
0
0

1
2
3
4
6
5
0
0
0
0
PROCESSING SQUADS DONE
************************************************************************
***    "Team CloudBot"
************************************************************************
ADD these members to the sheet
1903633
1309915
804594
159833
275612
277283
270918
123707
120062
826196
205087
112498
80605
306913
-1
27401
197367
-1
54808
12259
19462
38867
37808
12087
43914
8933
5053
11089
450
34674
14995
7585
9960
28185
232
25718
2674
361
5074
0
480
0
132
0
9718
2449
2307
0
0
1824
0
0
0
0
507
0
703
6374
0
0
0
795
3348
68
0
0
0
23568
0
0
54679
13670
5865
243
58940
1062503
0
777808
258759
75862
1216
0
5711
0
2096
-1
1295
12190
29548
10826
2113
0
0
811447
28651
879
13430
2608
37951
18
88729
258901
30886
713
0
0
7496
3511
8
0
0
-1
36196
1904
14829
488

Anonymous

0
************************************************************************
***    "All for Nash"
************************************************************************
ADD these members to the sheet
2815341
234777
263519
103448
840747
23470
80897
25075
25186
1129
414
0
12
0
47160
0
141848
85001
53767
16845
0
1580
116084
0
622026
108313
0
29968
20757
8260
-1
44
11212
0
295
147116
41889
297
0
382
0
0

Anonymous

0
************************************************************************
***    "The Trading Club"
************************************************************************
ADD these members to the sheet
2628259
49873
339279
23002
58747
15413
0
865
0
0
54451
68014
345
0
7562
4292
68


************************************************************************
***    "Team Fabibi"
************************************************************************
ADD these members to the sheet
-1
185445
43677
22933
18163
59591
90040
27154
38978
9811
6844
9197
1216
27246
0
118126
0
0
0
192
18134
0
0
0
-1
1955009
0


************************************************************************
***    "The Nashians "
************************************************************************
ADD these members to the sheet
40641
14015
109655
104675
51885
15045
60391
0
12820
2801
-1
68
362805
2087


************************************************************************
***    "Gunbot Team"
************************************************************************
ADD these members to the sheet
700050
2846
936
94
207
65873
0
0
3494
0
5215
0
24211
0
1230
0
0
0
0

Anonymous
Anonymous

0
0
************************************************************************
***    "Solo"
************************************************************************
ADD these members to the sheet
2815341
2628259
1903633
-1
1063608
1309915
804594
777808
40641
159833
275612
30048
141848
234777
263519
362805
277283
270918
98194
185445
252768
14015
103448
123707
109655
120062
43677
826196
108313
205087
112498
147116
340330
80605
28193
1062503
700050
52865
840747
85001
197367
258759
58940
75862
306913
622026
14995
104675
90040
88729
59591
68014
29548
18163
37951
33532
258901
38978
60391
85106
339279
118126
-1
12167
49873
23470
47160
80897
51885
15256
12190
15045
29968
-1
160541
14037
65920
13670
15413
23568
27154
34674
25718
-1
54808
20757
36793
65873
38867
12216
811447
23080
25642
41889
53767
17010
25075
23002
23375
58747
54451
531398
28651
116084
24211
22933
19462
10826
30886
37808
23111
23075
22442
40264
42945
25186
43914
26225
20089
28745
28185
18134
14775
17820
13430
10465
12259
22232
83385
27024
27401
16845
13240
11089
12087
1955009
13297
11212
-1
54679
36196
14829
11245
10348

DV
TK

27246
12820
results end here -------------------------------------------------------
