results start here -------------------------------------------------------
16787814
9552445
5319151
3014120
2048056
692458
724977
0
0
0
0

109
39
16
25
13
21
0
0
0
0

79
29
12
17
12
10
0
0
0
0

45
21
8
12
8
3
0
0
0
0

1
2
3
4
6
5
0
0
0
0
PROCESSING SQUADS DONE
************************************************************************
***    "Team CloudBot"
************************************************************************
ADD these members to the sheet
Space Crypto ELC
1694609
1103302
713130
138525
272408
225765
255628
104793
115890
621872
191198
89372
80605
293102
-1
18335
177577
-1
45735
10353
15681
34336
24221
10136
40087
8218
4443
10336
391
30990
14995
7585
6149
20109
232
25718
2674
361
0
0
465
0
132
0
8554
2449
749
0
0
1824
0
0
0
0
404
0
703
6374
0
0
0
795
2420
68
0
0
0
23568
0
0
2542
13563
5865
243
55567
872405
0
667979
230818
75862
1216
0
3481
0
0
-1
1295
12190
28731
10826
2113
0
0
671737
28651
879
11444
2608
32668
18
77792
258901
15487
620
0
0
7496
2033
8
0
0

Anonymous

0
************************************************************************
***    "All for Nash"
************************************************************************
ADD these members to the sheet
jayway
2787971
169427
249517
94749
737895
22318
60241
20935
24309
1129
414
0
12
0
44923
0
125500
78972
49335
15789
0
1580
109827
0
431253
89253
0
29968
20726
5784
-1
44
0
0
295
114406
32271
297
0

Anonymous

0
************************************************************************
***    "The Trading Club"
************************************************************************
ADD these members to the sheet
MF
2425652
44380
329245
19042
51720
15413
0
865
0
0
50668
68014
345
0
4658
4115


************************************************************************
***    "Team Fabibi"
************************************************************************
ADD these members to the sheet
1460468
168572
38208
19770
18163
53521
82297
23283
38880
9294
6209
7858
957
27246
0
77619
0
0
0
165
15538
0
0
0
0


************************************************************************
***    "The Nashians "
************************************************************************
ADD these members to the sheet
40641
14015
97940
97636
44110
15045
60391
0
4838
2790
-1
68
313209
1771


************************************************************************
***    "Gunbot Team"
************************************************************************
ADD these members to the sheet
654942
1378
230
94
192
41096
0
0
716
0
5215
0
19880
0
1230
0
0
0
0

Anonymous
Anonymous

0
0
************************************************************************
***    "Solo"
************************************************************************
ADD these members to the sheet
MaBoNi
Thor
neocactus
GAS
-Happy-
EG
JSP
2787971
2425652
1694609
1460468
945659
1103302
713130
667979
40641
138525
272408
30048
125500
169427
249517
313209
225765
255628
86904
168572
233414
14015
94749
104793
97940
115890
38208
621872
89253
191198
89372
114406
314334
80605
28193
872405
654942
52865
737895
78972
177577
230818
55567
75862
293102
431253
14995
97636
82297
77792
53521
68014
28731
18163
32668
33532
258901
38880
60391
81588
329245
77619
-1
12167
44380
22318
44923
60241
44110
15256
12190
15045
29968
-1
147987
14037
53995
13563
15413
23568
23283
30990
25718
-1
45735
20726
36793
41096
34336
12216
671737
21424
22598
32271
49335
11754
20935
19042
15761
51720
50668
139513
28651
109827
19880
19770
15681
10826
15487
24221
15391
14836
16858
40264
31517
24309
40087
26225
16917
28745
20109
15538
13069
12088
11444
10465
10353
22232
59383
21418
18335
15789
11379
10336
10136

DV

27246
results end here -------------------------------------------------------
