results start here -------------------------------------------------------
11754663
6892206
3750029
2428703
1436557
586450
514323
0
0
0
0

103
37
14
25
13
21
0
0
0
0

74
27
10
17
11
10
0
0
0
0

39
20
8
11
8
3
0
0
0
0

1
2
3
4
5
6
0
0
0
0
PROCESSING SQUADS DONE
************************************************************************
***    "Team CloudBot"
************************************************************************
ADD these members to the sheet
Fomo
RATM
DAJH
JA
1214007
844457
506986
107002
259204
164338
208364
84404
87526
388594
47886
63279
50853
177294
-1
4799
161887
-1
19233
9830
12479
26718
12514
8349
16035
6072
3493
8261
391
22742
14995
6209
5709
2175
232
23337
2355
361
0
0
451
0
38
0
7360
2449
377
0
0
897
0
0
0
0
360
0
703
6374
0
0
0
795
802
68
0
0
0
11822
0
0
0
13385
4612
94
46584
611185
0
567404
165944
75862
1216
0
2430
0
0
-1
0
12190
23866
10826
1891
0
0
387949
28651
879
7008
2608
23173
18
46922
239810
12455
346
0

Anonymous

0
************************************************************************
***    "All for Nash"
************************************************************************
ADD these members to the sheet
Leo
MS
1998613
127625
175674
75724
525728
14760
45242
16874
19698
566
414
0
0
0
38462
0
106142
77840
19075
5347
0
1580
63140
0
225943
68985
0
29968
19072
4861
-1
44
0
0
243
73997
14400

Anonymous

0
************************************************************************
***    "The Trading Club"
************************************************************************
ADD these members to the sheet
Turketbrain
1961382
37185
269509
15073
16903
15413
0
865
0
0
44010
68014
345
0


************************************************************************
***    "Team Fabibi"
************************************************************************
ADD these members to the sheet
964277
130846
32009
19770
17855
38748
61185
17671
24150
7293
4784
5732
865
24382
0
77619
0
0
0
165
9196
0
0
0
0


************************************************************************
***    "The Nashians "
************************************************************************
ADD these members to the sheet
39888
14015
83716
76564
32442
15045
60391
0
3494
2049
14
0
258827


************************************************************************
***    "Gunbot Team"
************************************************************************
ADD these members to the sheet
461959
1321
230
94
157
30689
0
0
716
0
851
0
17370
0
933
0
0
0
0

Anonymous
Anonymous

0
0
************************************************************************
***    "Solo"
************************************************************************
ADD these members to the sheet
MFJE
JCW
tompaCro
AAPDFADM
RCM
KRS
1998613
1961382
1214007
964277
715193
844457
506986
567404
39888
107002
259204
30048
106142
127625
175674
258827
164338
208364
51340
130846
137984
14015
75724
84404
83716
87526
32009
388594
68985
47886
63279
73997
229880
50853
27785
611185
461959
52865
525728
77840
161887
165944
46584
75862
177294
225943
14995
76564
61185
46922
38748
68014
23866
17855
23173
27307
239810
24150
60391
73900
269509
77619
-1
12167
37185
14760
38462
45242
32442
15256
12190
15045
29968
40464
126974
14037
36727
13385
15413
11822
17671
22742
23337
18227
19233
19072
36793
30689
26718
12216
387949
17974
16658
14400
19075
11754
16874
15073
13903
16903
44010
139513
28651
63140
17370
19770
12479
10826
12455
12514
15391
12606
14602
40127
25265
19698
16035
16000
13555

DV

24382
results end here -------------------------------------------------------
