results start here -------------------------------------------------------
1307464
554309
513010
364549
191439
97685
3898
0
0
0
0

76
15
7
24
13
12
0
0
0
0

38
12
5
14
8
3
0
0
0
0

12
4
1
3
4
0
0
0
0
0

1
2
3
4
5
6
0
0
0
0
PROCESSING SQUADS DONE
************************************************************************
***    "Team CloudBot"
************************************************************************
ADD these members to the sheet
211621
68537
56372
33439
32748
19149
19468
13509
13582
13902
11913
11612
6464
6533
6927
4799
3954
2809
2720
2145
2069
2208
1815
1205
797
642
524
476
391
310
752
238
178
158
120
113
59
32
0
0
0
0
0
0
0
0
0
0
0
0
0
0
0
0
0
0
0
0
0
0
0
0
0
0
0
0
0
0
0
0
0
0
0
0
0

Anonymous

0
************************************************************************
***    "All for Nash"
************************************************************************
ADD these members to the sheet
matoK
420372
28218
28196
14176
6047
5062
3573
1043
726
566
345
0
0
0
4682


************************************************************************
***    "The Trading Club"
************************************************************************
ADD these members to the sheet
352661
5549
3330
1740
1266
0
0


************************************************************************
***    "Team Fabibi"
************************************************************************
ADD these members to the sheet
123075
18023
12998
9850
7648
6866
6787
2409
1492
1098
540
472
111
64
0
0
0
0
0
0
0
0
0
0


************************************************************************
***    "The Nashians "
************************************************************************
ADD these members to the sheet
NerV
34898
14015
13909
3524
3409
1946
431
0
0
0
0
0
25549


************************************************************************
***    "Gunbot Team"
************************************************************************
ADD these members to the sheet
3549
207
141
0
0
0
0
0
0
0
0
0


************************************************************************
***    "Solo"
************************************************************************
ADD these members to the sheet
420372
352661
211621
123075
118252
68537
56372
53316
34898
33439
32748
30048
29995
28218
28196
25549
19149
19468
17269
18023
15525
14015
14176
13509
13909
13582
12998
13902
12200
11913
11612
11227


results end here -------------------------------------------------------
