results start here -------------------------------------------------------
18412289
10733977
5668189
3144665
2520927
753347
795213
0
0
0
0

112
39
17
25
13
21
0
0
0
0

82
30
13
17
12
10
0
0
0
0

48
22
8
12
9
3
0
0
0
0

1
2
3
4
6
5
0
0
0
0
PROCESSING SQUADS DONE
************************************************************************
***    "Team CloudBot"
************************************************************************
ADD these members to the sheet
1838239
1252522
781754
148666
275198
268807
268046
120323
120062
824703
201012
106308
80605
303613
-1
23437
188694
-1
54475
10925
19064
37957
32999
11745
43062
8577
4741
10754
391
34074
14995
7585
8929
24108
232
25718
2674
361
2957
0
480
0
132
0
9718
2449
2307
0
0
1824
0
0
0
0
486
0
703
6374
0
0
0
795
3348
68
0
0
0
23568
0
0
26142
13670
5865
243
58354
1020323
0
732977
252085
75862
1216
0
4284
0
0
-1
1295
12190
29548
10826
2113
0
0
779736
28651
879
12593
2608
36404
18
84777
258901
28453
713
0
0
7496
3479
8
0
0
10587
21082
0

Anonymous

0
************************************************************************
***    "All for Nash"
************************************************************************
ADD these members to the sheet
2799720
196445
263209
103448
810709
23082
72843
24753
24918
1129
414
0
12
0
47013
0
141848
85001
51765
16845
0
1580
114245
0
549275
98731
0
29968
20726
7641
-1
44
11212
0
295
135441
35568
297
0

Anonymous

0
************************************************************************
***    "The Trading Club"
************************************************************************
ADD these members to the sheet
2538050
45273
335241
22167
54487
15413
0
865
0
0
52926
68014
345
0
7562
4248
68


************************************************************************
***    "Team Fabibi"
************************************************************************
ADD these members to the sheet
Anon
-1
182943
43330
22933
18163
59389
89841
25997
38978
9799
6829
8841
1194
27246
0
77619
0
0
0
173
17934
0
0
0
-1
1889711
0


************************************************************************
***    "The Nashians "
************************************************************************
ADD these members to the sheet
40641
14015
108560
99877
50959
15045
60391
0
10965
2790
-1
68
348053
1979


************************************************************************
***    "Gunbot Team"
************************************************************************
ADD these members to the sheet
700050
2846
936
94
197
57883
0
0
3494
0
5215
0
23264
0
1230
0
0
0
0

Anonymous
Anonymous

0
0
************************************************************************
***    "Solo"
************************************************************************
ADD these members to the sheet
2799720
2538050
1838239
-1
1026238
1252522
781754
732977
40641
148666
275198
30048
141848
196445
263209
348053
268807
268046
92285
182943
241766
14015
103448
120323
108560
120062
43330
824703
98731
201012
106308
135441
328288
80605
28193
1020323
700050
52865
810709
85001
188694
252085
58354
75862
303613
549275
14995
99877
89841
84777
59389
68014
29548
18163
36404
33532
258901
38978
60391
83933
335241
77619
-1
12167
45273
23082
47013
72843
50959
15256
12190
15045
29968
-1
160541
14037
61338
13670
15413
23568
25997
34074
25718
-1
54475
20726
36793
57883
37957
12216
779736
21424
25642
35568
51765
16263
24753
22167
23375
54487
52926
356390
28651
114245
23264
22933
19064
10826
28453
32999
15391
19600
22442
40264
42945
24918
43062
26225
19966
28745
24108
17934
14175
15955
12593
10465
10925
22232
78829
27024
23437
16845
13240
10754
11745
1889711
13297
11212
10587
26142
21082

DV
TK

27246
10965
results end here -------------------------------------------------------
